0 84 66 83 72 49 67 73 77 33 2 95 29 20 93 15 66 29 41 61 57 45 12 34 50 89 71 5 16 6 31 96 66 72 49 86 90 13 34 41 13 38 48 1 75 67 62 5 5 19
46 0 14 40 10 57 62 11 54 95 8 8 86 88 92 35 62 2 12 40 88 16 84 14 68 26 13 79 26 61 2 26 26 49 70 55 45 46 46 46 18 4 86 18 24 90 3 71 18 93
16 74 0 70 80 67 44 26 43 25 10 51 25 88 39 60 94 57 10 52 45 46 30 43 32 26 23 86 25 58 11 52 41 30 93 59 92 81 60 31 64 41 47 62 89 3 75 4 76 78
30 89 22 0 13 67 8 37 49 10 74 17 11 54 60 88 60 71 47 22 71 13 57 6 7 50 37 34 48 67 98 13 5 42 22 51 88 90 41 25 22 7 87 94 38 60 86 92 51 98
66 79 8 83 0 19 34 72 87 29 68 43 37 91 7 91 26 78 7 6 93 86 92 15 91 88 83 7 85 90 34 90 6 9 71 89 10 53 7 99 75 50 75 3 72 17 15 92 3 48
33 88 67 67 24 0 8 49 43 21 76 78 12 46 3 38 66 45 62 67 43 64 17 5 48 39 96 53 61 45 3 40 26 46 49 25 24 52 22 13 47 44 96 50 44 80 90 82 98 19
6 49 85 36 69 50 0 68 15 20 54 19 60 97 13 71 30 26 13 17 31 17 60 64 56 37 41 27 7 96 74 30 11 18 49 31 68 1 88 56 60 89 14 76 10 85 78 71 4 82
6 82 2 28 76 18 69 0 32 20 15 56 1 59 48 78 57 54 41 64 1 85 54 70 15 29 90 29 88 72 50 62 34 37 43 29 96 64 5 26 32 82 46 36 60 92 78 44 4 12
96 44 66 9 4 41 95 28 0 11 6 97 6 28 30 62 68 100 24 36 97 49 12 17 15 6 80 38 9 38 41 62 67 90 48 32 78 16 73 88 30 97 81 81 69 61 5 29 25 10
54 5 69 74 11 57 76 33 71 0 6 55 50 64 96 24 100 3 74 86 28 37 75 51 94 17 12 32 33 55 60 60 39 40 35 11 36 79 10 40 41 16 41 89 97 51 57 50 87 90
45 8 50 75 92 72 92 96 41 39 0 97 48 38 19 36 23 29 35 27 40 92 19 100 38 62 79 66 72 23 37 89 10 100 61 17 93 2 28 1 16 89 50 35 60 36 44 70 29 31
66 32 22 12 14 93 14 94 5 39 68 0 27 78 68 48 40 40 1 8 58 55 12 66 51 34 32 30 13 7 87 2 63 71 5 24 34 24 16 76 73 60 99 19 27 88 58 11 36 85
70 99 35 13 61 86 32 6 69 75 26 2 0 85 80 46 30 100 79 13 73 17 40 38 47 26 4 7 79 53 26 69 17 96 88 70 95 72 72 43 90 60 75 51 59 79 45 19 36 99
59 93 17 24 42 2 83 36 9 70 92 88 4 0 27 98 43 97 19 16 49 99 69 59 19 82 23 98 61 39 19 56 56 72 47 5 85 41 88 91 73 52 49 62 14 46 1 70 79 83
29 25 76 72 34 60 56 19 67 33 10 52 97 38 0 49 25 67 80 24 10 93 11 49 26 64 85 37 36 64 21 4 10 40 29 57 76 5 53 17 80 98 10 20 96 39 75 96 36 73
47 53 49 84 91 77 23 58 85 72 46 87 14 46 10 0 17 28 76 81 55 79 13 23 56 68 66 5 9 70 12 19 36 73 96 6 6 92 95 6 67 51 19 35 23 25 38 51 44 22
65 15 99 84 84 49 7 72 72 30 76 71 73 27 24 86 0 61 49 10 53 80 9 16 62 62 49 27 42 74 68 68 36 73 92 90 67 6 90 37 84 78 42 20 39 27 84 94 42 5
1 89 26 9 2 57 27 65 50 32 98 83 6 90 57 30 74 0 23 97 19 54 58 63 40 98 88 13 50 49 26 58 66 72 7 4 84 22 29 17 40 91 74 36 58 41 34 33 85 83
3 92 27 44 7 58 63 78 9 73 18 84 55 81 97 88 35 94 0 47 13 29 96 52 44 100 44 25 53 50 73 31 89 37 83 38 42 8 15 1 10 46 15 75 23 46 51 39 66 90
80 100 55 12 92 75 96 94 91 42 94 13 84 15 48 10 43 20 58 0 80 41 87 13 40 12 93 99 82 37 7 5 23 27 81 27 59 94 74 29 85 52 100 51 85 62 28 10 14 54
9 45 96 72 10 92 39 47 80 84 40 34 36 63 99 74 57 19 38 49 0 22 69 73 19 86 46 23 4 80 1 12 18 9 54 87 41 68 36 62 48 8 22 19 70 44 46 49 73 31
13 8 37 45 69 66 93 58 73 70 65 30 75 45 7 84 43 10 3 11 87 0 37 24 50 56 12 61 30 48 18 25 69 6 21 31 85 65 78 52 3 61 63 29 49 2 24 40 71 38
44 46 69 9 70 58 72 67 99 92 42 15 90 1 38 21 87 30 28 13 100 55 0 73 77 29 73 63 71 70 49 64 68 58 51 60 20 66 15 79 76 83 71 43 15 20 89 34 60 35
62 48 88 94 3 20 91 85 71 75 93 10 10 97 1 48 29 10 86 12 1 72 65 0 96 68 47 70 41 53 21 21 24 88 100 55 64 42 96 73 38 26 5 34 81 76 32 37 65 16
65 1 61 2 86 62 92 49 49 18 56 6 95 10 64 23 20 95 56 99 49 68 21 67 0 57 40 23 14 31 48 81 45 88 3 84 17 84 93 12 73 26 53 46 99 52 65 27 47 91
9 19 42 95 52 22 84 83 16 19 32 89 77 34 10 87 88 47 55 100 20 59 64 4 21 0 30 1 53 99 74 68 83 56 47 88 83 9 88 96 84 18 25 86 97 70 9 34 54 74
66 67 65 12 23 71 24 87 69 86 88 55 93 91 79 75 72 28 91 23 24 51 74 22 7 77 0 17 5 89 66 97 60 94 21 6 5 20 5 78 70 63 12 18 19 55 79 11 61 70
67 32 81 21 26 54 56 66 48 40 70 12 84 40 69 91 26 53 71 91 39 39 12 87 79 32 9 0 96 57 27 95 20 87 87 77 100 56 36 3 85 24 54 51 38 95 55 74 92 69
1 86 32 7 29 67 57 97 20 14 6 80 24 13 42 14 94 1 68 74 53 32 81 36 83 7 88 67 0 30 71 38 18 74 97 98 7 85 84 62 92 72 62 66 28 80 3 1 56 67
53 94 70 15 31 13 32 47 97 70 97 70 40 12 49 100 86 66 27 96 27 66 64 74 13 15 13 92 37 0 65 27 12 67 66 70 52 8 83 100 2 86 19 8 57 48 3 19 68 3
71 53 29 48 72 91 80 34 47 40 1 10 77 89 3 14 31 53 71 91 32 45 100 74 91 53 96 48 11 95 0 36 73 74 99 67 82 25 67 9 58 82 40 1 36 22 18 47 65 93
32 99 27 39 46 58 65 36 10 4 85 3 90 25 51 90 73 48 23 13 91 44 26 97 9 1 81 91 60 48 65 0 17 78 78 85 96 60 94 30 92 57 11 13 91 58 23 35 28 77
51 81 91 80 71 12 28 4 90 65 49 49 9 26 87 59 99 86 65 89 25 15 87 30 3 48 65 69 51 55 52 77 0 7 53 27 25 37 24 30 40 43 94 3 88 68 32 15 4 66
35 15 51 32 30 10 59 6 56 78 71 27 44 17 64 34 23 30 62 58 80 20 29 79 63 30 34 60 66 31 68 35 95 0 25 70 29 92 4 38 38 23 69 18 5 42 35 95 23 26
80 72 46 30 37 48 4 83 54 13 85 21 30 3 42 77 13 48 98 53 71 22 90 55 43 16 31 89 12 17 90 56 64 49 0 81 28 78 96 5 19 34 36 12 22 58 89 75 48 71
35 14 36 68 60 42 78 15 13 91 93 37 6 59 19 47 31 75 96 30 69 50 91 39 88 3 95 55 35 2 29 64 27 56 99 0 13 95 18 68 7 31 32 37 65 2 75 12 96 2
5 62 38 59 55 71 44 67 91 40 51 8 39 92 100 26 70 4 78 99 30 95 15 76 1 2 70 70 28 19 24 53 81 24 38 87 0 56 82 34 84 40 59 31 41 54 29 26 50 95
48 95 73 34 74 76 63 80 44 16 41 27 7 47 92 76 13 53 100 33 74 96 91 11 22 10 56 96 19 63 58 7 67 82 11 70 44 0 66 85 44 83 60 35 28 2 24 67 67 32
68 39 86 73 63 57 98 71 85 43 27 96 38 27 46 33 54 3 94 30 72 81 5 47 18 37 4 42 19 75 24 22 90 42 59 32 7 89 0 62 84 19 50 96 10 24 4 84 17 77
69 10 8 83 99 7 31 25 94 41 24 6 23 21 23 16 8 84 23 71 43 64 42 26 19 64 34 61 53 93 32 79 20 6 78 66 67 58 100 0 10 78 45 64 98 59 28 83 1 30
5 69 43 88 27 92 78 88 41 24 100 46 77 58 46 28 19 55 62 58 98 58 24 26 98 62 18 84 83 81 58 62 15 48 84 99 74 60 76 25 0 89 28 65 4 72 79 47 65 31
44 83 23 36 9 12 1 70 6 24 69 21 6 91 23 56 90 26 68 63 32 72 88 51 41 21 22 78 47 85 28 11 70 84 91 42 61 5 27 12 3 0 52 66 74 11 91 21 22 44
44 96 81 1 45 67 82 48 76 76 32 54 45 8 8 7 25 100 21 25 28 25 88 14 79 7 45 85 42 97 51 82 87 94 16 67 32 81 92 53 73 51 0 96 91 10 57 52 19 12
36 78 51 29 42 13 55 20 1 32 27 21 18 69 92 79 86 88 26 60 7 36 48 69 46 39 55 14 92 61 56 50 63 47 89 47 22 53 58 69 67 66 100 0 60 12 10 17 47 76
81 81 10 84 18 41 88 70 58 78 85 56 62 20 94 55 30 92 11 33 51 42 87 38 11 35 46 72 32 86 63 77 47 74 93 48 26 63 33 41 47 64 76 17 0 67 69 29 30 93
52 40 76 71 17 80 89 63 73 28 12 38 84 72 12 2 43 6 95 96 32 80 61 4 17 27 43 3 77 58 88 70 28 11 78 57 73 28 8 51 18 10 51 44 45 0 58 54 62 37
5 50 80 82 10 73 56 44 5 95 48 4 51 3 59 18 59 60 34 91 83 95 33 50 51 58 86 89 12 49 7 68 37 32 78 70 15 98 63 26 99 28 93 36 88 29 0 90 56 77
73 44 71 40 59 38 81 3 39 48 26 71 23 18 23 71 22 75 72 58 35 48 11 56 59 14 40 54 97 94 11 44 93 44 97 63 91 22 26 43 57 26 18 39 16 73 56 0 2 95
33 83 44 64 73 15 49 99 99 35 45 52 31 55 37 28 74 8 65 23 46 7 39 73 72 14 31 7 17 57 15 87 69 53 84 6 93 62 38 88 88 98 28 13 97 31 16 79 0 59
97 26 36 28 10 78 37 46 46 67 92 95 23 85 30 12 84 31 95 64 39 42 26 70 57 44 16 16 53 4 41 33 77 1 49 94 64 77 68 96 70 44 75 81 82 45 53 8 29 0
