0 86 54 92 31 78 82 39 43 89 10 36 13 9 73 58 9 42 59 97 79 14 5 75 83 10 88 81 84 67 46 17 42 64 86 25 90 34 7 87 69 2 11 70 86 41 96 79 92 38 8 45 27 67 9 30 28 21 3 87 11 6 45 14 84 19 5 82 41 79 60 58 28 61 2 14 32 29 29 34 44 42 12 32 55 58 30 88 61 23 71 22 79 8 98 28 73 35 88 33 68 89 74 53 18 67 45 74 52 60 5 22 96 58 43 94 42 42 90 42 36 18 72 46 100 90 10 36 73 2 5 51 78 69 59 88 10 27 65 27 5 82 34 60 82 7 9 6 93 4
26 0 36 42 93 46 18 15 99 67 35 91 98 30 12 36 50 12 35 50 65 23 89 40 72 14 88 78 16 46 45 32 22 26 2 14 73 5 7 84 39 75 34 40 75 33 28 62 93 45 50 91 82 78 7 65 1 55 98 37 26 58 60 42 70 26 55 90 64 53 82 58 83 16 40 75 91 84 46 2 52 87 12 24 21 17 39 11 1 51 66 83 88 49 65 32 20 79 1 50 17 35 44 82 58 96 40 57 24 18 88 27 9 44 82 86 6 66 39 30 1 45 91 11 98 87 48 33 66 83 62 51 28 17 40 20 24 94 73 53 25 70 72 95 44 42 80 16 37 12
68 4 0 56 92 90 30 32 72 67 34 34 88 15 85 2 8 45 99 66 45 100 8 91 6 91 59 95 55 74 99 95 43 54 66 50 70 36 19 11 5 12 46 12 92 24 55 26 44 74 63 66 31 37 38 33 61 72 58 96 41 88 54 3 11 33 79 28 98 82 31 30 48 48 10 46 45 72 6 96 26 12 21 67 15 16 98 35 63 81 93 43 2 97 46 30 36 4 24 28 16 75 93 33 35 7 50 46 74 61 17 85 56 79 1 38 9 57 89 30 44 84 19 26 28 31 79 23 66 9 12 89 12 78 6 41 28 25 17 52 90 13 17 48 36 99 22 13 41 35
14 92 100 0 87 49 63 54 72 96 6 21 54 5 4 54 6 81 85 89 74 87 26 23 37 1 13 97 67 61 51 23 7 54 79 91 28 54 1 100 57 18 83 81 20 28 99 26 96 100 41 13 61 62 98 16 97 42 25 70 13 21 77 15 89 92 23 14 84 63 81 98 5 68 3 94 55 24 93 32 4 84 34 91 99 27 23 61 40 20 3 21 35 91 69 58 45 25 99 91 2 60 74 68 62 79 57 8 10 33 98 53 74 67 27 85 5 1 18 98 68 54 79 45 38 23 9 42 63 52 31 51 100 20 8 6 18 94 18 68 39 49 27 55 65 85 100 18 92 18
93 51 35 4 0 62 70 94 88 69 40 78 83 19 15 28 43 11 60 59 58 32 84 68 21 79 51 31 17 41 14 19 6 23 60 50 40 74 24 46 82 83 77 52 31 8 41 11 55 4 62 51 26 61 34 58 96 23 6 2 48 19 61 9 54 41 78 41 67 50 99 8 95 14 55 63 54 89 51 41 34 66 24 46 96 13 60 5 36 81 30 3 6 45 15 21 2 45 43 56 72 31 23 26 36 51 28 8 48 94 99 78 20 10 6 22 33 66 72 77 65 11 53 74 90 44 64 20 53 58 40 26 41 75 84 53 44 47 30 6 84 72 71 57 42 6 21 69 51 18
41 9 64 97 17 0 10 8 83 24 6 28 64 37 41 6 49 6 13 40 15 15 95 75 78 86 11 19 88 59 5 66 76 74 78 41 45 16 93 10 10 84 83 78 80 87 7 4 97 14 62 79 99 82 65 37 84 95 81 28 84 30 60 69 57 45 92 19 65 57 57 49 49 26 22 40 45 20 17 47 44 58 63 31 65 46 62 97 34 16 73 37 80 56 55 93 56 89 31 23 88 96 87 24 37 31 37 45 31 86 51 54 57 95 46 96 47 73 15 87 89 64 63 37 98 79 97 10 81 42 43 24 79 40 27 68 21 52 70 78 35 48 8 18 84 10 45 63 36 42
75 16 52 87 69 9 0 14 86 44 31 17 40 84 27 25 11 69 96 93 99 38 19 84 85 10 38 82 85 33 44 21 85 45 32 72 97 73 60 2 48 10 12 62 51 73 56 78 80 92 90 26 54 61 67 98 95 59 23 86 42 81 74 49 78 16 22 40 10 97 55 32 51 60 14 90 75 3 90 18 31 66 10 67 28 26 46 94 53 16 20 12 59 3 82 32 49 98 83 28 34 31 78 31 98 14 73 89 76 70 69 54 69 73 89 8 32 27 10 14 87 61 86 17 54 9 19 6 74 85 82 52 82 99 75 60 73 76 96 22 86 6 58 21 8 54 99 58 12 58
60 33 5 57 81 40 6 0 85 58 8 46 93 100 73 96 35 49 70 76 6 100 65 2 10 77 16 49 37 55 95 39 84 99 48 99 90 44 29 95 49 35 97 71 28 53 30 17 69 90 9 55 79 77 6 18 92 1 97 40 97 78 86 25 5 77 89 41 98 83 9 33 57 69 61 6 77 64 39 54 7 51 85 42 96 53 46 32 54 35 86 82 4 63 32 74 60 6 79 87 6 20 86 96 71 77 89 24 47 33 97 45 19 3 3 85 41 39 92 34 77 34 31 17 40 47 87 94 91 23 2 9 58 8 43 96 17 26 56 11 35 2 75 96 14 11 62 44 86 9
68 18 41 51 74 43 10 38 0 46 89 40 88 39 27 86 18 41 73 97 80 71 73 89 80 25 45 39 30 23 32 19 20 75 42 30 26 21 70 42 87 82 95 56 84 29 78 37 20 86 3 77 25 100 92 45 58 12 94 76 73 4 43 51 27 56 32 63 54 4 60 11 18 13 48 87 51 77 44 53 62 93 58 30 3 77 6 54 29 7 14 43 44 91 18 15 35 67 7 65 92 17 19 83 64 37 52 89 23 9 63 88 97 94 10 31 46 25 30 94 96 98 5 61 66 28 50 59 51 76 90 29 83 82 9 8 97 62 40 50 54 19 13 19 57 94 100 58 47 65
95 91 33 14 98 22 59 53 13 0 19 88 32 3 16 31 50 1 23 96 75 42 29 56 95 96 42 73 12 26 93 85 76 87 58 92 97 63 54 65 68 29 87 37 55 65 29 30 34 51 20 14 4 27 23 34 83 90 8 90 77 30 53 34 2 33 31 62 70 95 89 81 69 5 70 95 15 60 35 30 73 31 75 46 61 92 32 79 61 61 19 91 63 74 58 55 48 13 61 75 94 58 58 98 10 92 34 66 94 40 73 71 67 29 51 61 67 31 24 81 32 52 65 69 92 96 100 34 76 23 90 70 15 16 34 61 13 96 57 25 15 89 20 86 49 13 65 99 84 42
39 77 29 59 19 51 91 26 39 51 0 85 39 76 24 52 98 57 9 21 100 12 61 82 87 52 31 73 3 22 11 27 84 16 1 47 89 13 46 73 98 38 38 92 21 100 93 5 94 71 36 79 8 50 29 76 83 53 17 61 31 8 86 13 85 4 77 6 36 94 34 89 75 98 53 15 78 62 67 19 33 88 58 22 100 17 66 56 91 75 17 93 49 99 55 44 36 15 53 91 75 64 98 3 85 87 47 1 100 77 85 49 39 59 89 46 44 39 75 95 88 37 58 44 22 61 23 99 31 69 31 12 63 77 66 96 91 81 90 86 28 23 17 28 37 2 58 43 20 98
73 39 55 32 57 50 96 40 1 99 57 0 18 74 11 38 42 76 19 87 20 83 7 83 54 48 34 49 75 23 70 24 96 47 50 98 20 57 11 68 6 42 79 38 21 68 88 53 87 65 72 100 83 77 59 3 19 33 93 65 35 100 6 4 17 26 68 31 65 91 20 19 45 73 51 62 40 89 6 48 92 20 67 23 87 16 98 42 46 36 37 71 77 93 64 21 7 46 7 24 35 14 64 8 33 27 71 49 69 71 89 7 56 95 93 10 84 6 77 34 23 95 12 21 71 97 46 17 56 18 97 55 33 44 59 78 100 12 44 20 77 3 21 67 37 86 17 54 62 37
11 33 85 20 44 34 47 64 86 54 46 91 0 77 95 33 82 50 23 24 75 13 57 67 36 19 42 5 66 51 43 13 25 72 37 58 63 68 94 46 7 12 70 43 24 32 16 45 26 43 50 43 41 39 45 45 7 90 34 89 79 20 97 33 79 65 96 20 85 65 84 8 58 46 59 68 50 57 54 14 60 5 50 75 5 56 36 21 47 70 89 33 12 23 5 17 31 21 41 100 18 26 22 45 76 6 59 92 73 60 12 23 27 29 29 93 36 46 43 9 74 24 73 4 22 41 85 34 68 64 52 82 69 87 87 73 10 71 24 77 40 26 28 26 96 41 74 92 45 37
12 23 100 79 33 24 44 64 55 88 2 18 93 0 37 86 32 59 39 31 82 61 33 71 85 33 45 91 92 57 86 53 95 93 15 26 55 28 63 19 30 65 55 71 96 76 55 59 86 86 32 4 38 21 29 95 48 64 5 27 95 30 41 16 6 97 43 44 68 72 46 94 87 33 42 68 9 93 46 13 20 13 44 48 39 6 81 12 64 15 34 8 57 29 42 33 62 99 97 37 63 56 21 26 57 38 99 44 98 88 71 23 51 14 99 76 74 35 29 33 67 87 32 99 46 39 97 12 1 13 39 78 11 56 83 43 14 28 8 9 25 53 14 95 6 34 29 56 62 40
65 7 100 76 67 88 62 22 98 35 73 78 35 30 0 13 64 22 48 37 82 54 91 20 29 79 81 89 81 33 47 19 5 100 57 15 11 42 50 30 31 25 19 41 70 50 82 64 52 4 53 55 14 29 51 75 38 85 74 52 64 81 98 53 58 31 48 13 86 66 54 1 94 41 31 42 29 91 46 52 44 58 8 39 99 24 1 5 21 9 6 24 53 11 84 69 83 78 52 5 95 51 28 27 28 99 69 95 95 32 89 29 45 60 38 37 49 37 12 22 63 80 48 76 90 68 2 98 73 77 12 43 64 9 51 49 91 71 45 28 72 83 71 76 5 74 78 77 4 98
77 34 2 79 49 60 9 27 39 100 74 20 49 64 51 0 92 99 38 97 17 44 49 96 57 45 32 29 83 98 100 72 76 51 78 92 41 28 41 16 74 44 96 79 50 90 11 46 19 69 94 5 45 54 75 71 74 15 2 69 93 78 21 62 43 7 81 32 21 46 89 46 91 16 5 65 64 36 8 39 48 81 78 90 54 42 5 65 50 16 12 26 26 75 37 76 43 48 3 5 58 74 95 99 35 84 68 90 78 94 88 53 5 82 13 46 29 80 11 79 44 1 56 14 59 17 54 19 83 95 64 45 49 53 52 42 30 100 59 60 32 45 66 72 87 41 15 44 75 14
82 79 50 18 22 67 56 3 90 64 48 100 45 67 6 99 0 38 9 4 3 80 33 78 80 62 52 25 85 28 8 13 98 81 30 94 34 56 96 32 14 9 45 55 30 89 67 97 71 4 63 21 26 58 79 95 96 48 77 57 63 29 42 22 92 85 29 45 45 36 100 57 29 17 96 58 17 65 93 42 98 51 100 48 24 18 21 45 29 37 99 53 50 17 66 65 65 12 75 3 4 65 57 53 41 36 51 45 15 8 37 80 87 54 52 58 46 43 27 42 22 20 66 58 11 89 52 57 24 96 59 7 51 44 94 97 49 30 44 14 65 42 11 4 83 33 80 55 28 49
16 91 64 2 94 16 38 36 16 3 54 48 79 35 85 64 55 0 17 22 5 38 91 38 23 43 62 5 88 10 51 65 9 22 11 10 29 31 75 6 42 26 91 11 21 94 97 63 49 64 60 76 83 32 13 24 36 5 86 14 64 35 58 73 26 64 48 61 27 58 55 56 91 66 33 58 50 95 6 32 15 97 64 30 63 88 48 3 24 58 96 77 16 79 27 97 64 38 92 24 36 85 75 79 56 1 20 68 11 8 82 97 75 10 47 8 22 1 36 52 28 72 27 3 44 3 43 37 15 92 29 48 34 25 60 96 8 45 6 84 61 24 81 86 68 75 54 84 47 31
21 99 14 4 9 76 61 25 63 16 68 27 57 52 19 55 39 14 0 79 27 89 27 34 63 22 18 95 80 77 27 70 74 78 99 12 59 52 15 22 39 12 47 70 49 96 33 63 17 41 34 62 28 26 89 77 81 38 69 19 97 64 24 71 18 61 97 46 55 21 85 95 95 53 37 65 91 24 27 12 53 1 12 44 6 57 37 79 66 90 40 64 11 50 29 71 91 52 60 66 30 99 57 61 15 85 15 58 61 99 77 64 70 22 95 9 75 46 79 42 71 11 23 14 88 21 38 37 13 40 49 22 67 60 76 43 18 75 65 48 20 3 68 59 7 11 87 34 58 4
64 45 78 72 29 86 82 83 92 50 77 84 47 53 33 94 93 77 20 0 28 66 63 74 34 55 79 2 45 86 26 30 68 48 48 72 48 35 87 23 97 67 96 33 46 95 64 78 79 69 44 72 20 18 60 17 13 7 22 94 36 9 49 49 58 26 20 6 78 1 85 61 11 82 13 70 56 57 86 33 45 68 2 56 95 47 22 51 11 96 27 51 68 35 68 86 14 35 76 90 11 13 49 26 88 98 49 41 83 88 43 78 8 33 22 55 100 98 61 2 26 33 15 41 60 61 37 65 96 19 40 41 63 50 2 64 18 46 90 28 63 69 24 77 6 77 17 49 21 82
18 5 32 38 49 100 33 14 11 22 51 97 17 40 18 46 64 38 3 3 0 10 53 72 67 43 6 29 23 49 82 44 24 60 80 30 8 69 28 48 76 99 9 81 61 90 30 32 94 87 92 72 48 21 27 85 79 47 61 55 32 21 35 58 83 19 63 40 11 95 21 99 52 79 94 36 76 51 22 64 9 48 17 1 38 81 33 84 20 5 18 10 7 49 14 59 33 52 69 66 22 60 48 50 37 50 97 89 50 73 62 75 64 18 59 89 1 64 21 83 99 51 1 78 25 62 100 75 10 77 36 100 58 7 67 71 19 12 83 68 62 39 57 65 90 98 73 90 8 81
34 71 15 12 87 29 6 31 66 73 76 45 43 53 74 88 11 100 12 90 66 0 16 1 41 47 66 8 15 100 6 35 29 84 4 25 12 62 86 5 73 18 22 76 29 23 90 3 4 41 79 45 3 79 35 62 55 8 18 61 93 62 30 36 43 83 74 77 36 67 56 22 82 65 62 20 67 54 31 49 30 47 82 49 68 35 7 82 98 44 60 22 84 64 6 32 7 75 8 38 63 23 68 98 32 44 37 72 90 33 44 23 90 59 94 38 59 60 73 36 97 95 38 15 65 58 98 58 81 32 43 41 65 100 70 45 43 94 23 88 58 72 21 14 85 67 94 84 50 36
89 41 61 29 98 91 79 16 57 88 74 98 11 33 79 16 98 50 9 82 72 11 0 96 64 73 13 90 61 8 20 5 53 2 89 41 50 57 23 94 55 53 66 33 77 84 95 68 73 39 42 4 14 31 45 83 51 29 20 29 64 22 34 86 57 42 43 1 26 35 10 75 41 76 49 23 78 6 90 56 89 67 89 15 89 93 51 31 27 73 13 39 32 97 69 47 3 59 12 81 26 87 9 13 92 3 65 14 3 20 11 64 27 76 34 39 7 46 13 81 62 9 70 95 16 97 98 7 99 58 39 70 80 43 63 60 38 98 81 60 89 40 38 7 39 15 93 19 99 54
6 32 50 61 83 25 6 86 76 11 1 63 13 63 90 29 45 65 29 76 42 25 73 0 52 42 25 85 16 23 71 99 12 27 80 93 68 81 61 53 35 92 66 12 50 61 36 82 46 47 39 92 7 63 15 21 9 56 58 13 98 24 31 70 90 67 82 13 96 68 52 73 50 18 72 90 50 84 78 58 61 88 18 38 13 37 16 3 35 95 71 51 39 31 40 9 90 71 89 13 27 87 57 50 5 85 25 34 13 90 20 8 16 77 35 97 3 59 60 49 57 72 91 75 93 93 53 74 53 78 49 45 62 58 77 1 13 49 18 33 41 30 6 98 18 45 17 80 73 70
21 25 41 22 7 81 77 61 3 62 23 49 3 77 57 7 62 4 22 91 70 17 91 61 0 25 51 10 17 20 75 38 50 21 94 49 34 34 41 23 96 33 97 11 68 53 25 19 32 71 40 83 15 94 3 70 78 8 94 77 4 60 94 100 50 91 20 22 27 16 47 14 66 67 40 71 46 30 21 45 41 73 90 54 80 64 59 44 54 67 85 35 15 82 57 81 98 8 99 96 38 29 8 60 78 69 45 85 48 27 81 84 15 86 64 21 39 54 98 27 100 26 47 71 41 61 72 86 64 59 55 82 99 38 42 15 48 20 5 78 97 98 33 34 41 37 71 81 67 60
14 21 69 18 36 79 3 30 60 47 85 12 52 94 97 74 23 28 66 75 41 74 10 90 57 0 51 16 62 88 66 97 8 57 80 20 22 8 17 77 83 23 8 16 75 78 78 9 93 69 95 61 70 72 5 22 15 49 9 8 82 58 7 53 88 85 12 54 31 16 82 30 82 14 4 43 41 93 55 6 48 50 36 40 18 53 66 98 10 86 35 28 88 52 10 82 48 76 47 47 75 78 42 19 43 37 57 62 9 53 45 45 50 84 55 77 41 70 95 89 42 58 76 61 88 44 13 21 98 89 31 78 73 47 1 59 81 73 73 14 56 14 8 77 11 37 75 60 10 6
94 40 71 11 33 62 98 73 61 1 12 31 34 72 78 39 31 23 36 56 77 43 40 65 71 43 0 63 60 73 14 6 45 8 51 22 63 58 100 51 43 66 38 57 60 6 88 64 39 7 6 12 68 17 100 32 56 99 75 75 17 49 38 19 2 13 81 10 60 90 11 18 22 12 78 94 15 92 67 42 61 78 29 41 72 92 46 41 8 60 92 71 20 19 42 88 27 88 11 15 52 91 10 52 14 50 55 14 52 15 84 72 19 24 36 16 47 24 12 93 74 58 11 37 1 18 71 26 99 55 80 10 13 71 49 16 51 70 25 33 39 57 24 27 59 33 94 93 91 15
75 91 69 1 31 91 36 72 47 28 31 64 85 30 94 31 57 86 1 30 37 68 32 84 47 54 95 0 92 63 50 79 26 82 15 76 97 81 76 21 23 2 30 33 40 82 39 99 23 70 82 96 27 31 21 63 17 52 45 69 27 25 69 7 1 54 57 77 29 44 28 64 100 36 48 18 43 46 62 44 51 95 1 100 25 70 34 84 28 43 40 27 100 85 85 47 7 23 90 19 78 97 84 57 19 60 43 26 36 13 17 29 75 17 86 9 91 7 67 63 9 5 56 8 8 10 35 59 62 56 94 82 32 71 3 76 84 58 22 2 21 76 19 38 6 91 58 88 99 85
47 13 72 90 21 56 87 18 78 15 4 65 27 9 47 92 10 10 14 55 33 84 64 19 77 67 41 50 0 15 95 55 41 94 100 84 94 5 43 9 89 38 39 90 67 31 46 83 1 19 29 54 51 73 45 74 13 61 96 100 30 3 60 36 34 88 70 62 19 62 9 77 92 31 35 32 22 53 4 99 40 12 91 33 85 81 26 91 91 38 57 19 78 10 5 26 45 42 17 46 8 87 58 41 87 74 55 94 62 54 55 33 37 29 30 96 70 9 30 63 8 32 59 22 78 2 92 4 49 59 87 60 79 52 94 43 89 70 72 59 58 40 44 83 75 72 32 82 93 86
60 69 9 68 28 20 60 57 44 28 44 71 6 48 89 10 53 36 75 91 100 1 26 97 41 53 99 71 31 0 42 15 19 18 31 98 25 9 10 89 98 48 52 15 39 52 9 69 92 3 39 8 66 9 6 87 85 19 89 41 18 13 51 7 28 39 35 66 51 27 76 8 94 94 37 44 53 80 92 59 71 13 10 77 54 13 51 69 43 82 34 60 31 9 38 42 10 23 6 33 83 20 54 63 56 37 79 99 64 65 38 73 1 81 39 29 75 46 36 39 59 3 35 68 92 67 83 40 39 34 72 73 56 14 68 78 76 29 46 39 81 97 100 28 80 5 59 33 10 54
40 41 93 48 9 38 12 51 18 88 38 39 96 83 66 80 25 50 54 22 37 49 14 47 25 87 16 51 34 17 0 2 67 69 61 22 19 80 34 60 41 67 86 36 69 15 22 2 69 23 83 39 32 94 5 30 35 8 52 63 81 100 32 55 96 9 53 97 50 36 75 3 97 65 72 43 17 98 36 51 55 44 20 90 11 91 2 58 97 32 63 55 89 29 54 70 37 5 17 50 75 4 70 33 31 9 24 82 12 19 93 89 89 57 13 8 7 41 64 88 85 34 5 68 73 28 49 6 97 85 90 89 57 50 54 38 35 43 30 17 50 87 90 28 3 18 56 76 68 92
4 43 36 70 66 88 56 79 38 51 38 28 20 35 27 4 88 71 85 35 15 93 87 49 79 69 49 66 46 86 75 0 27 94 100 28 48 45 85 66 28 72 89 67 8 26 20 15 71 84 7 37 69 82 65 52 23 67 11 59 98 26 74 70 72 93 69 62 99 79 34 26 91 85 33 41 75 68 86 16 91 17 54 68 84 4 34 99 27 22 79 81 31 42 93 3 13 86 21 87 5 47 28 94 94 73 22 30 6 47 23 58 39 83 13 96 74 65 10 54 18 2 92 79 95 14 66 12 47 49 20 97 100 34 30 25 24 57 25 23 61 7 62 33 61 3 11 94 81 20
19 3 88 52 66 97 46 75 1 11 6 49 27 73 5 100 56 7 8 45 68 24 56 96 16 33 39 89 40 15 74 34 0 61 68 65 79 45 64 26 25 47 70 54 74 61 8 64 80 26 97 79 4 77 53 22 36 71 82 94 76 53 62 100 42 14 35 48 45 2 58 62 7 99 35 62 73 6 81 5 46 13 9 37 58 40 79 49 58 98 73 78 57 29 50 33 57 4 58 7 2 100 37 33 6 29 41 71 18 75 47 39 15 60 64 50 57 67 16 75 100 6 24 51 16 76 17 31 62 34 20 12 95 3 43 72 45 89 95 25 68 71 52 71 43 28 46 25 71 36
66 61 7 21 92 40 92 31 42 4 86 17 37 72 24 32 34 35 93 76 67 36 80 94 83 85 57 51 72 40 64 83 75 0 87 98 42 30 79 17 25 25 82 29 12 93 30 80 38 48 25 86 30 60 20 93 40 80 57 30 11 88 73 89 70 77 84 97 17 24 66 80 50 77 81 62 87 36 68 12 33 75 72 71 69 10 97 44 2 67 47 6 100 12 41 57 27 83 42 42 71 24 6 93 26 32 75 2 26 78 4 27 26 18 18 68 23 85 22 56 27 44 34 100 56 86 28 2 74 20 63 3 39 48 6 27 6 65 50 68 22 99 60 86 16 64 32 6 35 49
20 78 64 67 20 40 61 92 57 17 25 2 8 96 1 46 12 7 29 5 52 93 78 11 22 12 99 15 30 21 57 3 87 82 0 20 68 55 59 74 73 54 16 58 88 89 10 18 33 2 52 36 26 75 76 11 90 86 14 3 22 20 52 54 77 23 31 63 67 48 29 36 72 13 75 80 86 37 40 92 88 26 71 94 89 4 30 15 80 50 64 45 53 26 52 37 68 60 46 93 64 23 65 94 67 99 89 24 20 38 60 6 25 38 96 95 66 38 70 29 58 45 17 40 20 59 76 91 72 37 38 99 40 59 20 44 29 48 47 16 98 30 7 53 55 26 82 31 82 3
26 2 26 74 26 65 91 16 89 50 18 63 8 4 25 90 57 59 34 28 93 83 76 70 71 3 90 52 9 19 75 5 91 64 30 0 10 62 55 78 85 63 24 96 14 47 88 32 98 13 22 54 82 30 74 91 70 8 75 38 11 50 70 66 41 7 54 36 97 58 42 78 34 41 69 36 6 40 28 26 92 63 29 61 55 50 67 29 94 86 94 43 34 33 60 92 59 22 24 86 11 69 54 1 23 11 83 92 55 27 63 49 28 24 88 23 59 7 5 95 25 75 34 77 90 41 58 71 59 87 2 14 35 72 12 40 59 35 12 26 80 71 57 63 49 88 16 12 78 2
56 5 69 58 78 16 51 19 91 73 96 67 65 58 22 38 67 40 75 42 47 57 6 92 39 75 57 18 44 29 32 74 85 28 80 21 0 55 65 92 67 87 13 80 62 97 17 61 29 27 91 87 79 21 41 94 40 64 44 66 55 80 40 45 72 15 78 3 61 7 26 59 8 31 91 69 47 28 91 73 58 1 35 31 56 13 66 69 80 48 44 49 78 45 46 8 79 34 89 2 77 49 4 98 22 37 86 12 6 68 80 89 71 88 26 99 65 15 51 70 7 40 98 62 8 34 12 86 65 23 40 92 13 45 36 62 50 16 100 41 64 36 48 72 64 84 38 30 3 28
14 96 71 42 42 49 4 91 100 11 22 93 94 43 55 72 88 3 88 37 8 43 85 65 27 57 92 46 90 58 74 66 75 54 80 93 100 0 5 35 37 44 51 3 12 97 9 25 13 62 81 87 34 42 28 72 30 77 81 72 93 54 61 53 88 48 17 99 86 4 16 77 3 2 46 84 49 44 35 87 100 57 88 92 66 42 18 74 51 94 84 72 69 45 44 60 95 82 1 84 47 10 84 45 65 4 3 96 62 43 49 82 42 36 87 38 22 5 94 42 96 6 10 87 18 1 27 21 37 93 18 82 95 82 30 63 48 77 35 96 42 54 98 53 26 65 11 82 84 69
24 37 10 5 71 69 77 5 53 69 73 25 88 61 78 5 65 29 83 45 58 31 38 85 52 90 84 7 32 8 66 27 91 59 80 84 18 27 0 73 21 51 11 7 27 30 19 37 77 51 12 14 100 20 6 28 24 33 50 92 90 22 87 72 19 69 51 6 65 5 61 3 97 2 61 88 41 37 37 75 79 38 27 66 97 45 49 19 79 46 71 71 74 57 15 36 66 16 61 1 38 18 62 18 98 72 39 43 13 37 94 93 8 60 24 37 62 56 79 79 38 55 93 56 87 48 18 56 6 45 79 20 93 18 43 66 34 49 10 12 49 94 20 81 42 71 63 41 15 47
72 37 69 40 32 56 85 12 69 56 61 52 66 99 84 100 43 91 34 43 74 76 59 40 7 29 11 47 45 2 42 48 29 84 61 68 10 62 28 0 69 39 50 29 57 97 19 29 98 23 34 10 13 10 66 17 14 68 20 21 18 78 87 96 60 42 73 80 93 26 38 72 71 53 24 100 32 13 35 82 78 39 90 87 6 35 18 29 22 43 63 2 95 77 44 97 86 90 82 44 89 50 32 5 14 62 50 69 64 69 83 62 13 98 91 39 87 4 21 34 6 91 33 93 81 31 97 93 68 46 89 51 81 27 1 16 22 40 30 56 2 55 44 49 43 37 90 92 12 86
34 68 47 33 94 18 29 35 83 69 44 74 30 19 17 76 12 59 94 51 98 56 6 71 76 95 48 11 6 16 52 52 65 67 28 12 43 17 47 94 0 17 39 100 93 35 42 96 89 45 52 99 84 45 51 96 26 86 12 8 36 83 69 69 15 66 67 35 29 3 10 94 51 55 85 46 79 98 2 72 68 25 45 73 51 92 4 7 68 83 16 6 54 98 54 73 63 2 36 22 76 26 69 52 91 38 53 70 37 6 26 15 19 55 24 92 23 54 27 97 16 65 19 31 27 82 23 65 23 80 74 50 32 56 46 19 73 81 21 94 23 76 94 86 90 47 71 63 25 75
12 40 35 35 65 71 7 99 80 29 64 21 45 47 37 38 77 16 99 8 100 44 20 51 29 97 38 30 68 36 44 27 4 69 61 73 98 22 7 9 40 0 5 61 55 13 77 88 39 46 15 70 60 1 14 1 3 9 79 90 71 62 61 53 11 93 64 36 44 62 80 63 97 73 17 63 60 79 44 41 56 85 76 72 52 98 70 29 33 25 18 84 54 65 55 52 54 88 29 79 51 98 44 98 10 26 44 29 88 33 83 3 15 10 11 57 80 2 45 61 67 50 84 97 71 89 10 64 44 45 51 48 79 80 52 64 93 64 83 88 73 40 3 11 2 86 51 20 48 17
78 41 31 6 70 47 27 46 17 2 34 37 7 76 86 82 6 35 13 33 54 12 57 93 16 56 1 91 49 98 9 15 43 4 9 98 20 26 73 44 74 37 0 3 82 26 34 50 6 19 72 70 30 25 48 32 82 2 55 86 23 77 67 58 4 50 42 80 46 30 66 2 59 79 29 91 54 22 3 54 94 34 2 24 99 56 12 60 69 45 16 63 24 59 10 68 84 80 8 84 86 19 73 21 67 33 100 67 35 63 70 27 80 69 67 64 1 90 34 23 9 64 2 64 56 75 51 26 27 17 42 57 3 57 62 78 72 8 24 62 63 3 64 44 66 6 3 5 10 56
47 77 25 17 66 83 94 20 92 92 2 81 7 64 31 34 19 37 14 48 1 64 53 84 52 57 55 70 39 59 19 6 26 20 71 98 23 78 29 80 34 10 7 0 27 60 28 52 59 41 71 98 28 56 98 4 67 11 63 79 17 91 67 37 76 85 2 70 68 74 96 35 25 92 33 75 49 48 37 32 64 95 99 94 66 36 7 98 100 93 5 70 75 34 92 19 22 80 10 74 94 78 18 35 11 19 92 7 77 72 72 85 64 57 49 3 76 47 3 66 47 85 67 60 8 33 66 68 87 8 49 67 46 20 83 33 52 78 27 65 44 96 44 6 29 13 98 62 15 50
23 52 32 19 17 13 51 11 46 74 1 41 98 1 62 75 59 85 75 35 63 47 50 35 21 74 81 85 29 70 70 67 65 20 58 69 64 57 41 49 82 40 78 54 0 81 92 52 8 10 91 31 98 95 79 2 66 71 19 61 5 42 58 7 74 91 46 86 44 27 88 18 82 89 50 55 99 70 56 94 75 93 3 21 84 67 59 42 20 55 80 1 78 46 28 84 39 21 90 64 99 43 66 26 7 40 40 88 6 78 42 68 87 27 25 37 17 4 46 48 22 60 53 80 83 60 75 39 85 74 61 56 28 18 51 77 8 73 58 16 68 32 60 96 17 93 70 55 28 100
96 1 51 39 78 68 10 48 62 6 64 58 49 82 31 42 68 22 28 51 4 36 64 36 91 96 24 34 4 34 86 6 37 21 80 67 43 19 80 90 51 89 81 81 27 0 81 17 19 7 14 32 67 26 97 72 39 48 62 93 18 76 28 38 7 25 60 68 52 56 74 99 71 69 2 100 12 52 11 34 24 26 10 79 7 88 65 48 68 37 52 67 45 15 67 37 5 48 77 36 62 38 61 75 26 44 55 40 78 94 18 5 13 11 31 82 22 34 60 53 27 4 30 47 8 99 76 75 47 62 65 28 26 91 96 55 32 32 98 82 3 39 67 95 22 52 12 12 85 60
60 59 69 23 34 20 62 58 95 51 22 19 89 75 35 36 10 64 44 94 81 93 8 89 42 39 63 67 48 34 38 43 56 73 21 68 31 36 55 66 20 9 64 7 15 2 0 42 41 25 66 30 84 61 66 36 98 14 82 29 42 42 32 12 9 95 48 55 10 28 64 31 85 98 62 55 10 79 92 25 23 15 96 34 91 29 84 99 97 40 11 88 64 31 17 35 100 10 39 56 57 34 34 99 54 30 66 87 80 23 82 62 80 5 34 49 3 47 88 98 69 69 51 86 13 59 21 96 6 89 15 87 76 65 66 23 65 36 52 95 98 21 35 89 30 11 34 74 9 45
78 63 12 59 2 17 73 34 5 14 33 71 79 20 73 1 35 65 21 92 21 59 14 54 40 68 68 28 85 57 91 92 5 57 41 62 3 16 92 40 17 65 35 50 12 43 15 0 29 10 83 48 22 52 7 74 38 5 29 73 14 58 55 71 60 17 65 52 16 71 32 82 92 96 26 86 4 2 53 70 39 15 28 13 41 98 8 92 25 65 91 75 71 90 71 63 53 20 69 21 11 93 91 91 11 39 95 5 98 8 89 6 21 97 13 4 83 15 44 14 3 81 71 53 60 64 53 85 51 35 80 44 57 66 32 63 89 66 39 92 20 67 40 20 72 96 44 90 66 70
78 51 63 100 12 31 93 70 58 84 65 53 3 97 48 57 36 42 18 56 47 99 6 54 36 42 23 9 28 53 31 4 11 10 70 95 18 85 33 68 25 39 80 44 4 73 69 79 0 65 4 62 41 5 58 84 18 56 5 76 56 90 26 2 96 97 37 21 97 25 7 2 31 2 100 16 76 45 10 87 15 90 26 20 50 96 21 29 82 49 70 69 80 60 93 26 35 27 39 81 95 94 37 34 67 81 10 29 70 50 33 60 90 95 78 61 67 93 84 42 79 85 63 76 18 89 51 1 48 42 88 57 32 48 63 58 95 3 81 11 10 2 47 62 4 9 70 93 95 2
27 71 81 39 13 75 62 93 46 81 40 93 92 92 45 72 57 82 40 47 21 57 63 13 6 54 28 39 4 24 35 54 78 24 63 67 13 47 59 81 40 35 18 40 87 25 62 45 39 0 70 33 78 38 68 26 23 16 20 11 1 22 34 74 42 86 89 13 70 54 75 85 60 11 23 35 27 45 73 62 7 46 41 51 99 76 12 50 37 91 60 4 60 22 3 25 56 73 77 61 91 59 13 37 26 53 88 15 71 34 52 58 94 28 33 70 62 40 61 12 81 37 61 4 23 78 50 24 43 52 53 68 54 18 51 35 76 40 64 21 67 91 50 77 3 19 32 81 27 36
23 43 18 1 33 79 42 21 64 30 15 12 33 49 59 86 50 26 97 34 65 62 60 14 22 76 93 69 19 76 3 33 9 4 97 50 2 72 13 19 69 96 13 95 53 45 87 51 38 79 0 73 38 64 13 100 4 62 2 84 44 22 93 41 4 1 75 68 34 49 99 81 4 61 61 36 59 69 19 61 97 83 53 84 76 85 31 85 94 32 92 57 22 56 73 37 83 17 59 6 80 6 17 98 40 35 25 80 39 92 97 50 12 52 33 3 20 4 75 59 78 97 6 55 69 27 35 100 40 10 20 84 4 28 90 94 59 29 78 69 90 84 15 1 12 19 58 97 90 84
82 8 90 61 27 82 96 89 100 81 73 72 80 97 98 57 25 15 89 9 98 20 82 95 55 6 13 26 97 31 22 43 60 98 57 63 99 38 95 83 3 44 16 62 12 41 74 15 67 12 58 0 52 57 49 2 58 98 33 99 50 2 60 68 83 56 73 38 77 56 84 45 73 46 34 99 78 55 4 92 19 35 53 94 34 84 94 50 97 7 99 50 43 88 72 96 93 62 19 63 81 83 7 4 6 77 2 56 86 63 3 60 33 22 83 58 35 95 93 42 87 43 63 78 52 92 47 54 16 76 6 55 92 99 92 47 20 49 48 46 55 20 17 71 8 32 89 72 70 1
77 10 22 85 62 32 3 41 26 11 82 67 9 74 26 6 50 30 33 90 81 1 93 67 83 27 86 36 39 93 92 34 71 70 84 43 78 54 50 20 48 9 5 50 85 8 38 32 21 26 22 99 0 55 45 75 32 3 21 25 86 78 82 93 52 29 50 42 41 5 22 22 4 77 49 23 7 69 81 86 30 5 89 79 21 73 6 15 38 7 22 34 35 29 89 97 68 33 98 48 40 83 10 83 26 6 76 54 34 73 81 96 44 67 56 88 67 8 44 59 62 19 16 49 83 92 72 100 89 27 75 9 44 26 96 68 78 22 17 74 64 53 28 33 5 30 47 80 98 86
47 28 71 89 41 18 33 16 82 65 9 50 23 23 96 32 51 79 39 77 15 45 5 78 42 65 74 78 63 45 10 6 75 10 94 99 80 81 62 24 38 98 80 98 4 100 45 4 82 90 13 80 96 0 82 4 95 7 60 62 28 86 53 6 80 81 97 14 56 32 61 90 84 94 1 15 35 24 41 50 63 95 78 98 70 3 52 17 96 8 58 78 87 86 1 98 65 87 16 36 65 15 3 8 45 29 83 46 18 9 66 44 4 93 55 11 15 23 8 10 50 59 70 49 23 41 33 72 64 46 32 28 21 60 3 84 98 95 88 32 94 29 14 98 99 80 73 63 76 98
26 49 4 45 73 64 37 85 48 53 21 79 82 9 20 15 13 91 79 40 63 22 79 42 47 93 68 56 47 88 43 15 97 46 19 79 19 99 88 29 36 44 29 68 99 60 47 40 69 77 4 76 94 87 0 9 51 75 49 8 57 3 42 35 46 71 54 97 39 60 21 28 100 31 82 23 31 26 16 16 83 94 97 66 83 67 92 57 75 31 61 62 47 99 42 97 75 10 96 88 39 16 90 10 80 30 86 51 19 74 38 10 68 65 48 36 73 7 56 19 84 35 62 15 62 28 60 39 38 71 41 51 90 14 55 41 92 9 74 6 11 22 77 94 75 78 65 63 22 6
92 49 61 91 63 66 30 26 59 28 88 26 93 59 36 47 24 29 12 99 10 23 89 19 42 6 60 49 25 41 75 27 36 37 74 59 81 23 16 24 91 96 55 67 67 95 16 83 25 38 32 22 99 18 100 0 21 32 5 32 14 80 76 38 4 43 62 71 14 3 74 14 96 38 100 88 6 52 19 8 22 12 33 24 80 17 20 88 16 36 47 45 28 53 52 20 7 34 1 84 57 30 52 54 80 29 63 19 74 75 72 83 68 68 1 12 66 47 63 29 64 34 85 40 1 45 63 94 41 80 56 25 72 66 100 94 57 95 98 61 92 5 36 49 60 23 63 100 56 50
66 35 60 65 30 38 27 27 83 30 82 46 61 59 31 54 74 96 7 50 47 76 64 54 10 10 80 74 61 9 82 57 22 82 70 22 22 9 87 47 64 2 42 87 8 28 22 50 75 14 46 66 52 42 50 69 0 31 2 38 36 73 73 59 9 37 74 28 24 98 71 84 59 100 77 4 48 20 61 24 11 46 10 61 76 8 54 58 10 53 30 51 49 99 45 29 18 30 55 75 48 53 59 72 57 33 58 86 1 45 67 66 41 43 71 9 100 12 83 87 42 39 60 74 15 70 26 10 39 93 61 50 61 47 56 25 9 51 15 42 37 27 36 100 80 2 84 18 17 19
59 91 37 29 61 97 20 10 30 83 100 3 65 35 52 65 96 4 60 80 11 65 40 75 10 62 42 36 39 16 64 13 53 36 74 12 97 78 76 75 91 8 71 43 69 40 37 22 94 57 58 66 82 15 19 20 79 0 8 18 1 87 3 32 39 21 15 74 83 69 15 88 9 88 36 61 10 11 86 55 62 78 16 94 60 56 55 6 26 81 81 70 31 48 15 74 36 35 3 65 18 7 6 83 93 84 5 53 78 89 93 67 53 96 37 64 63 33 23 24 81 3 43 34 76 38 91 30 40 15 66 46 74 73 19 46 63 93 1 4 33 73 17 60 96 8 23 78 13 73
53 86 74 80 44 92 27 9 40 31 47 65 86 61 14 98 28 53 49 74 33 81 6 93 53 11 50 94 71 9 37 40 54 64 48 34 85 57 52 42 6 1 82 69 100 59 14 73 7 67 81 3 33 54 74 51 31 87 0 72 78 25 16 64 26 34 17 12 32 90 91 68 83 73 85 96 95 96 64 31 28 70 81 14 8 12 35 88 74 85 49 76 68 85 21 40 92 8 29 37 22 98 94 66 81 24 55 38 59 18 39 64 54 95 6 65 61 76 13 48 94 16 44 9 25 3 60 52 60 58 13 51 4 7 6 19 48 49 70 82 61 94 89 57 75 3 83 77 86 43
80 31 71 100 77 76 19 18 42 100 91 38 33 14 26 63 74 73 61 70 83 66 14 7 25 66 15 45 72 58 23 90 71 92 100 77 16 79 39 56 15 33 74 37 80 83 53 67 18 90 98 16 69 22 80 58 68 28 30 0 83 92 76 92 77 63 95 7 26 44 45 58 95 70 70 95 79 35 69 27 75 3 10 1 51 61 40 41 3 9 18 8 7 19 28 97 84 35 52 52 32 74 34 26 100 68 47 12 96 38 85 45 26 97 47 45 43 15 46 87 50 17 29 69 50 55 69 59 46 80 88 57 11 9 63 49 23 48 77 8 51 47 33 51 82 11 31 69 59 14
88 100 27 100 96 33 12 21 19 76 17 94 66 79 87 74 79 10 67 87 51 70 14 85 15 38 21 94 1 15 76 27 40 3 81 37 31 84 29 68 59 70 71 80 34 42 84 52 22 8 25 4 5 84 55 62 59 80 80 37 0 10 86 71 17 12 3 13 85 26 75 72 1 64 35 33 82 49 67 97 84 32 61 6 60 19 65 15 11 19 67 43 41 17 54 53 69 35 26 11 75 18 52 23 15 2 57 83 58 46 72 24 70 70 100 76 19 86 29 41 23 81 73 49 77 66 87 9 94 74 11 83 8 54 32 56 32 42 30 88 93 70 78 31 29 31 37 15 24 41
24 79 15 89 20 60 58 74 88 22 93 16 78 21 63 26 64 56 60 7 36 2 94 79 70 91 42 36 36 65 20 1 30 47 58 17 79 54 40 3 60 83 89 13 31 5 25 39 59 7 4 85 70 95 98 43 62 44 12 32 9 0 12 30 57 27 67 17 35 34 64 14 100 32 49 99 45 58 70 86 76 96 100 52 93 76 28 20 10 8 33 32 31 84 34 51 49 27 93 11 70 57 74 17 46 5 84 27 21 59 33 77 61 21 93 23 6 45 45 50 38 19 39 85 69 1 61 18 57 38 86 53 83 63 92 92 75 43 52 36 8 18 70 7 35 9 80 22 32 23
45 16 97 11 79 16 15 88 74 8 10 73 9 11 25 86 74 20 62 42 21 15 39 4 5 23 13 35 26 12 3 33 14 23 70 95 39 88 96 85 76 72 47 38 32 76 76 77 99 92 95 35 62 39 5 95 49 78 23 41 67 50 0 48 47 22 47 50 85 7 27 37 49 57 35 84 6 53 32 80 65 32 73 75 44 84 13 58 24 4 67 5 2 7 80 90 22 94 39 8 24 45 42 84 50 91 97 50 54 81 21 42 64 57 35 9 67 63 92 82 40 52 95 76 22 85 37 14 96 42 24 60 88 16 75 55 78 75 29 52 16 56 5 57 3 46 89 21 26 15
61 86 33 34 37 99 73 14 13 98 22 30 69 34 53 15 18 54 35 89 12 42 34 94 72 22 26 55 87 44 51 24 59 41 53 42 10 47 59 7 93 16 36 73 47 35 60 47 90 83 75 69 33 81 75 6 3 23 30 95 90 57 60 0 41 20 79 90 83 38 38 17 13 53 40 23 45 70 82 83 16 36 40 64 34 53 44 42 13 33 10 53 63 66 48 15 92 93 96 54 27 88 39 45 87 88 96 17 100 61 4 91 97 20 17 20 94 75 83 69 4 23 63 56 43 55 86 99 35 28 13 4 20 29 19 48 52 55 46 68 83 12 71 92 4 1 32 42 75 8
63 23 69 57 84 80 39 39 81 36 35 61 50 12 3 76 68 23 67 2 10 38 90 97 5 23 15 59 67 78 26 36 91 4 68 42 43 80 39 9 28 78 23 15 81 1 32 50 17 36 61 28 66 45 4 53 34 50 83 67 65 92 79 14 0 23 76 35 11 36 95 18 27 60 77 69 11 48 77 83 10 74 17 2 97 60 84 27 35 32 43 60 21 31 96 21 43 87 35 68 87 85 79 10 29 91 17 79 21 54 27 87 25 60 96 90 26 96 66 49 96 53 68 6 72 28 18 26 90 96 77 73 15 8 35 93 28 12 14 94 44 60 19 94 71 74 71 65 91 4
53 79 39 61 27 81 33 84 38 20 72 69 66 56 34 20 15 4 8 28 84 94 36 24 74 6 95 92 32 2 23 82 20 13 66 98 15 80 71 55 12 84 40 75 26 93 37 62 87 99 28 17 75 27 78 33 90 80 89 70 9 46 47 81 95 0 30 89 50 31 36 43 90 84 82 55 20 86 66 12 69 35 85 89 41 68 45 38 100 52 91 18 41 93 45 42 22 50 36 97 16 37 89 1 68 78 66 17 62 36 90 98 73 55 92 63 72 73 35 11 67 24 37 18 17 8 83 13 47 9 49 50 41 96 75 48 61 67 11 1 37 33 84 64 98 31 66 97 56 35
22 50 5 87 64 1 52 46 84 55 31 12 46 15 12 68 6 48 70 73 6 23 19 2 5 33 1 27 76 47 55 99 34 63 78 39 42 53 48 27 35 90 7 79 19 69 93 45 25 58 58 34 99 72 34 29 13 18 61 19 10 42 9 7 67 49 0 47 58 93 1 84 75 66 55 73 15 84 91 64 55 49 86 49 36 86 80 50 4 67 58 23 71 75 18 32 1 57 32 67 38 57 79 85 42 39 88 84 38 8 42 82 86 99 3 28 49 87 14 77 78 37 50 57 60 65 18 86 20 39 25 18 89 96 59 49 80 55 13 60 17 45 82 78 30 92 2 74 23 6
23 77 38 53 46 97 44 26 59 47 71 55 68 81 5 93 27 94 77 86 9 50 69 33 50 33 8 91 99 63 92 98 23 50 2 24 89 39 33 27 100 61 92 79 88 59 92 47 68 76 82 35 17 93 60 69 90 1 42 23 33 100 7 44 41 10 53 0 90 47 69 81 52 6 62 22 92 6 20 9 79 81 97 9 79 100 93 72 97 56 20 85 83 4 12 96 8 41 15 7 95 77 41 98 8 48 21 61 77 97 92 60 29 99 39 44 35 43 15 68 16 5 70 58 8 33 95 75 38 100 36 44 55 63 99 70 57 75 59 13 88 94 100 69 25 5 62 65 13 58
86 95 48 8 5 75 2 100 1 40 38 66 22 12 85 45 49 3 41 39 71 78 11 24 95 4 46 45 68 86 1 80 94 15 63 34 31 90 73 8 47 3 99 58 63 91 74 81 93 16 29 35 33 24 7 68 90 85 25 15 7 85 57 34 20 39 22 2 0 28 18 28 50 44 56 30 73 2 57 78 98 30 77 5 32 97 47 4 98 24 48 50 12 75 8 36 67 74 27 69 98 54 6 85 77 61 43 27 82 16 90 57 70 49 38 9 37 64 48 34 77 69 77 61 12 38 30 1 56 63 87 3 86 47 36 58 98 1 24 42 26 3 31 43 33 69 31 65 35 73
21 65 26 53 72 14 26 50 26 17 28 20 11 42 35 22 87 100 45 56 71 7 93 66 22 67 48 6 72 16 49 80 63 68 88 37 14 57 43 38 74 52 40 75 39 92 57 40 71 35 9 50 9 45 38 57 4 99 95 68 93 31 76 86 35 52 32 40 1 0 21 58 75 77 9 35 15 59 10 35 36 32 22 34 36 76 34 93 37 50 13 17 92 74 90 56 98 31 94 17 78 79 59 8 44 43 98 50 92 43 8 62 30 46 23 93 89 26 68 100 13 30 82 43 45 43 1 32 72 9 39 92 60 78 43 37 41 76 29 13 19 11 82 69 46 21 4 14 53 29
60 4 69 86 53 97 52 81 20 24 77 95 42 33 25 76 97 92 74 49 47 71 71 100 83 65 93 1 34 49 29 71 45 60 2 17 76 90 67 78 90 93 56 79 54 67 37 31 65 65 28 60 72 33 17 60 49 94 86 22 85 72 12 86 81 61 87 94 1 90 0 76 11 76 7 65 84 98 50 93 21 46 89 98 46 88 30 51 93 2 79 90 93 65 54 30 92 6 46 40 51 49 58 55 41 94 5 73 66 67 28 12 37 58 36 29 75 86 19 35 81 55 80 7 84 85 49 99 20 81 53 93 55 48 14 42 38 48 4 59 76 93 70 14 50 3 85 3 80 28
11 21 22 68 34 59 96 27 5 4 54 54 34 91 70 90 97 7 28 94 60 79 36 8 3 44 86 6 57 54 91 72 11 23 30 24 17 42 2 41 95 21 22 93 15 49 64 7 72 78 82 7 36 69 97 79 77 40 16 78 80 90 42 87 79 19 35 29 12 30 68 0 16 15 16 3 82 89 4 97 98 30 77 19 85 100 10 11 47 100 5 60 81 52 65 27 41 66 80 16 69 44 41 28 7 84 27 28 64 98 95 1 68 84 58 77 42 33 61 95 89 37 68 86 65 20 45 8 73 81 3 1 21 77 75 80 44 47 77 6 96 54 10 36 25 69 32 75 47 19
91 95 15 44 87 82 35 30 74 47 93 23 83 97 13 82 6 58 89 3 22 62 27 77 49 62 45 50 76 81 24 49 46 60 5 100 49 81 11 39 38 38 11 81 76 66 28 7 88 25 76 13 79 8 54 26 25 8 8 43 25 43 12 92 57 70 81 9 66 97 5 46 0 39 4 8 70 99 15 100 37 20 77 39 57 27 64 64 1 57 96 97 91 43 61 9 20 89 6 61 33 47 31 77 20 88 73 4 95 62 100 51 68 11 10 54 42 71 7 96 79 45 19 98 27 22 83 93 80 96 10 7 89 31 32 10 8 74 33 51 83 39 62 22 31 16 16 95 64 45
91 9 76 38 98 1 74 83 73 1 60 69 60 9 20 14 26 73 95 64 72 8 55 66 19 41 71 35 55 76 81 47 85 80 79 23 24 31 49 9 75 21 57 80 98 100 92 57 62 54 8 70 14 37 19 38 76 88 3 12 55 79 66 65 46 41 53 68 48 15 87 9 54 0 24 7 14 34 11 61 15 33 61 80 84 79 32 74 11 53 98 16 36 4 54 58 85 73 12 69 86 60 23 85 21 16 40 85 98 38 84 8 36 82 90 19 7 51 62 81 5 19 25 42 74 94 26 14 53 85 28 4 36 42 21 30 11 22 47 44 4 20 21 73 33 68 20 8 86 18
30 19 1 88 75 16 7 45 18 53 81 84 82 77 86 48 46 31 43 49 14 39 52 51 35 15 9 1 52 100 45 29 10 61 74 62 41 18 21 82 92 81 67 85 19 81 49 61 42 24 35 52 61 71 3 99 38 55 100 4 42 26 21 66 76 70 60 55 71 1 55 87 46 62 0 45 84 33 84 52 29 85 64 41 70 59 79 32 36 46 36 67 81 30 23 61 79 9 99 92 65 64 89 54 50 13 53 74 96 44 89 31 100 23 36 73 61 70 8 92 30 10 59 33 88 76 2 25 14 25 92 61 39 6 17 8 53 33 66 43 51 54 80 66 22 7 11 69 60 4
14 10 49 56 48 82 97 60 48 18 53 76 84 55 36 35 26 19 14 46 36 31 28 53 47 86 7 90 86 67 86 94 24 30 25 6 50 62 92 13 85 19 6 18 99 22 70 44 64 38 15 28 92 82 20 87 15 62 99 64 49 62 77 28 71 72 58 57 73 14 9 92 80 24 51 0 74 55 43 100 13 18 54 6 58 18 4 69 14 91 75 79 89 43 79 84 42 34 33 12 41 46 41 32 33 73 70 67 10 57 21 2 5 52 73 66 89 88 94 68 87 49 19 17 61 4 37 71 96 26 24 84 25 57 72 61 64 78 8 26 20 4 57 32 42 3 43 75 73 1
15 57 5 41 100 26 79 93 16 22 1 6 97 68 83 81 65 45 96 16 98 71 40 14 78 30 58 47 22 44 98 15 23 28 62 92 70 79 12 90 28 69 54 39 85 93 53 23 10 14 63 50 81 76 8 35 8 88 46 3 84 51 60 75 3 18 28 2 55 14 37 70 74 56 7 60 0 67 88 80 38 55 81 15 46 39 80 67 68 63 74 18 64 76 7 50 20 98 13 36 74 97 73 91 98 21 16 32 51 64 75 12 79 6 43 25 84 71 87 56 73 60 77 38 25 95 53 5 10 84 87 98 25 12 90 89 61 61 23 85 97 74 16 100 18 5 42 17 13 46
2 60 33 2 99 21 63 43 63 25 31 98 90 50 74 98 71 46 72 51 74 77 24 11 98 30 18 84 8 2 57 54 59 27 57 62 57 73 90 42 10 82 61 67 56 79 82 61 83 13 35 38 10 5 100 30 12 60 36 1 16 14 15 22 27 45 8 66 88 84 61 52 66 84 96 83 4 0 95 84 20 61 47 41 3 89 53 32 100 48 15 15 82 21 67 60 58 42 1 43 76 70 63 36 12 3 11 97 35 98 56 25 8 71 4 10 48 53 57 37 32 57 59 60 42 1 66 35 83 69 93 41 44 73 74 20 74 26 74 43 34 53 43 53 64 48 12 16 43 24
73 71 18 95 24 62 94 75 3 65 28 38 79 39 84 8 32 21 2 1 94 8 92 67 92 59 44 88 70 88 83 8 44 61 58 78 13 6 77 83 86 73 1 15 60 96 74 38 43 54 37 98 23 85 77 51 86 40 77 87 12 21 93 24 68 47 69 90 100 99 27 13 14 96 91 30 40 66 0 17 9 93 80 98 83 53 64 58 69 3 35 41 9 40 24 88 75 23 38 6 83 91 42 72 65 69 77 29 45 54 22 46 16 91 95 49 90 11 53 94 97 33 57 90 50 63 36 84 83 82 22 42 5 99 55 5 27 53 30 91 87 48 98 88 35 1 38 66 82 27
20 6 96 89 57 24 3 89 51 22 47 33 54 24 37 8 17 77 99 91 80 2 15 64 50 99 58 70 21 2 59 67 24 45 72 71 32 54 58 34 53 37 15 15 71 76 25 65 1 37 30 90 89 57 23 51 26 27 25 68 65 25 80 100 13 87 50 31 13 100 44 13 88 61 23 26 77 70 14 0 96 34 91 18 48 97 4 2 61 96 21 28 81 98 73 43 2 28 40 38 8 77 30 50 11 53 18 15 80 54 23 85 23 65 46 12 79 47 31 76 82 55 84 71 18 19 72 75 80 65 5 57 95 72 57 98 20 38 65 92 10 57 62 12 7 73 31 9 53 28
7 33 37 89 85 42 7 5 53 36 80 11 77 77 36 21 36 46 64 59 81 96 72 48 23 73 80 55 40 19 56 64 75 61 87 43 55 13 96 3 61 50 52 79 80 88 63 21 3 12 39 88 10 24 5 96 59 74 73 2 28 40 97 22 96 48 96 80 82 37 84 38 50 9 13 36 67 88 96 75 0 3 18 77 52 25 52 39 44 97 25 60 96 43 78 71 78 1 46 32 60 18 12 93 74 22 70 87 43 17 31 3 96 27 15 13 3 57 73 52 45 9 29 79 6 97 95 28 46 6 8 63 65 80 92 29 14 57 55 98 83 6 84 43 68 79 54 52 22 3
29 77 54 47 25 7 62 31 98 98 47 35 16 65 64 75 7 85 2 10 17 73 29 35 95 93 18 71 21 2 73 49 10 70 4 8 51 56 16 9 43 6 80 57 87 77 92 71 7 9 59 49 77 77 81 70 95 85 78 96 95 7 15 81 22 35 2 100 78 78 79 61 38 56 46 87 70 80 31 37 90 0 32 45 22 89 47 58 38 66 35 89 57 92 82 65 78 55 99 93 37 6 56 52 9 2 76 92 85 11 26 93 28 34 8 91 86 35 85 40 24 71 47 99 35 92 13 26 13 12 7 33 21 3 48 91 40 9 45 100 20 60 31 47 68 2 43 6 44 1
63 33 46 86 44 63 25 75 50 63 89 13 59 13 91 1 44 11 99 43 64 62 75 91 51 17 37 38 62 6 8 69 95 94 79 7 35 10 63 53 86 31 34 25 75 38 35 69 41 20 92 6 54 79 10 18 77 86 16 1 45 10 7 86 59 10 96 42 84 43 65 35 13 39 73 2 59 47 50 1 71 79 0 26 15 52 59 98 84 6 95 40 1 87 82 43 67 40 87 63 20 7 7 60 31 62 91 60 43 3 93 79 62 1 76 94 70 85 13 85 65 2 39 78 29 78 59 31 26 22 25 74 43 40 18 51 82 99 10 42 28 18 31 43 80 37 54 58 87 100
30 38 1 1 7 25 57 52 85 64 6 97 13 21 4 70 67 58 65 94 49 28 26 69 26 8 52 85 50 69 63 60 5 58 31 71 11 37 10 70 11 48 19 57 67 86 76 75 54 74 82 52 79 88 79 40 49 16 36 90 56 43 44 50 7 31 97 55 54 30 58 8 62 98 41 97 54 84 77 49 52 6 75 0 17 33 21 52 71 13 59 58 100 19 57 28 78 48 20 71 31 60 53 86 30 69 43 80 51 39 84 13 73 41 38 14 1 98 87 89 50 70 67 45 99 15 82 89 68 43 98 87 77 15 45 66 87 41 53 12 53 73 59 34 14 41 67 1 83 87
75 51 56 79 54 84 6 73 50 57 96 48 15 82 46 24 42 15 85 58 83 9 40 97 38 10 30 46 68 7 85 3 100 80 18 77 75 33 46 17 90 39 61 64 5 24 21 21 9 99 10 7 90 44 23 46 13 24 27 27 93 31 61 39 74 1 20 35 31 15 11 22 57 94 49 31 8 49 96 94 69 4 75 48 0 84 87 80 45 2 7 98 26 71 75 68 79 2 23 98 38 69 82 97 61 67 96 94 92 75 22 29 23 10 92 76 86 48 75 57 6 55 77 59 91 13 70 2 98 87 1 44 74 45 54 72 57 32 68 89 36 6 41 82 43 13 45 28 29 46
13 7 4 79 29 42 47 3 80 26 29 21 38 66 38 96 83 72 63 61 46 9 90 41 4 89 82 89 26 69 60 87 99 50 31 15 75 35 26 41 5 10 59 65 92 91 70 32 53 100 86 53 86 20 55 37 73 50 93 6 46 53 4 22 35 10 77 58 11 77 99 4 5 20 37 34 30 72 79 84 48 33 59 73 56 0 36 75 25 46 39 16 33 67 57 61 83 20 47 83 4 81 61 11 79 8 1 67 76 72 9 17 17 16 83 70 44 76 94 29 13 82 98 18 61 32 9 66 11 85 92 20 73 45 36 49 99 11 93 8 100 86 90 11 81 5 66 98 86 46
18 10 25 40 5 56 14 33 24 99 61 28 10 10 50 44 63 74 6 36 11 80 72 20 26 26 67 95 66 48 11 82 16 81 94 82 74 9 8 10 72 49 97 12 73 69 46 36 33 54 58 76 5 92 27 74 43 69 15 99 70 79 64 17 84 15 31 31 58 82 56 55 7 8 95 33 53 38 33 26 81 28 55 24 93 44 0 22 96 23 21 6 27 71 12 48 97 37 87 93 43 76 71 97 40 2 11 12 83 26 81 80 7 34 81 7 34 100 59 11 50 35 38 35 25 29 54 59 88 12 18 79 42 54 27 32 85 53 67 47 22 3 17 82 77 37 100 72 28 50
18 9 80 31 15 38 31 8 38 26 64 29 35 1 48 18 26 23 95 8 91 77 10 69 91 64 62 22 17 86 28 39 60 92 50 86 53 68 91 76 56 68 59 96 71 51 49 33 69 29 88 98 40 57 3 8 6 8 28 41 2 59 88 98 14 1 69 30 63 84 43 68 87 37 11 77 2 98 97 99 16 67 65 81 78 55 93 0 8 55 64 93 29 33 17 91 65 100 67 63 5 30 94 61 93 67 10 82 83 7 21 13 52 78 87 79 95 8 83 1 29 21 39 92 80 62 95 56 42 93 18 74 48 45 83 84 28 30 58 47 83 11 77 43 31 96 28 28 33 74
66 81 98 77 70 4 4 82 42 33 38 61 43 92 11 5 77 80 82 57 81 62 65 41 4 40 82 66 94 94 75 65 3 54 13 23 88 31 98 93 81 5 65 98 61 23 2 85 55 21 42 95 76 98 69 2 16 85 83 7 49 8 20 5 42 41 8 78 85 20 45 34 16 20 2 49 48 89 44 62 98 7 59 74 65 13 55 37 0 5 24 15 63 22 13 58 61 40 88 88 91 82 31 83 53 96 90 3 89 81 96 18 60 4 74 88 22 35 42 71 99 9 39 98 71 33 43 23 42 68 85 93 29 61 44 3 8 79 63 18 80 59 95 24 70 16 54 90 52 63
73 48 80 42 8 87 87 96 73 76 28 38 42 66 21 69 19 12 92 71 83 40 10 78 22 14 29 87 47 25 4 59 6 39 79 100 9 76 62 57 95 29 6 11 45 89 50 39 100 7 76 56 95 29 24 67 61 92 80 47 49 25 41 90 94 20 68 53 85 59 1 87 53 81 8 22 41 44 93 41 12 72 2 25 5 48 89 40 12 0 18 4 6 25 26 15 88 67 47 97 51 44 65 35 19 3 18 3 87 74 84 81 2 61 42 22 18 58 63 67 16 91 67 24 20 69 31 40 78 74 67 83 21 62 66 53 16 53 42 35 66 56 1 3 78 72 39 61 19 95
76 71 100 62 8 41 51 78 49 49 47 16 46 93 4 11 30 98 34 59 14 55 64 99 50 7 54 50 73 19 25 86 28 12 66 5 57 90 13 77 24 69 11 3 2 93 51 31 100 7 57 25 10 56 64 79 65 64 9 81 37 99 71 5 95 15 77 84 18 84 94 92 36 14 11 33 72 27 22 94 17 40 98 71 94 69 27 4 8 35 0 83 71 47 18 13 22 21 75 93 44 15 11 92 49 5 24 54 80 84 12 93 36 66 80 32 34 17 67 24 50 48 71 13 2 39 27 12 43 21 34 71 75 59 94 53 71 14 100 4 42 45 72 81 61 60 68 59 32 17
98 7 89 93 17 94 80 32 23 75 67 17 60 26 22 79 38 1 46 89 94 90 57 25 6 85 37 54 35 12 31 16 49 4 93 83 72 50 51 36 73 22 29 59 50 34 46 95 14 2 65 56 17 35 87 70 18 77 96 71 38 14 13 91 48 56 67 61 25 38 17 77 54 49 63 76 88 72 49 7 39 70 14 44 74 19 71 53 90 78 7 0 70 88 21 80 6 64 14 81 44 28 69 93 68 82 1 68 59 13 3 25 7 69 28 12 20 24 59 97 30 8 19 100 48 90 78 42 44 9 42 4 49 48 19 7 45 48 61 76 42 58 91 9 3 67 45 79 86 16
58 37 13 32 77 41 37 4 64 65 7 62 13 5 29 18 60 39 59 49 30 83 91 46 93 24 90 1 36 99 48 62 52 79 97 31 2 56 41 81 47 60 17 84 14 83 11 89 57 85 20 24 83 85 76 58 28 40 53 20 57 20 15 89 69 59 100 12 64 79 96 30 96 87 19 39 9 37 86 6 5 89 18 86 8 78 39 29 8 8 92 72 0 12 94 99 21 70 29 24 60 38 1 45 82 70 89 5 98 7 1 17 36 25 43 34 54 37 87 88 88 41 96 31 52 18 66 48 7 6 89 26 31 45 81 1 30 25 92 58 41 27 70 73 4 99 23 100 21 83
74 5 87 64 20 77 57 98 50 14 47 58 55 14 56 20 81 76 85 9 39 48 21 37 8 90 25 73 54 36 22 33 28 73 69 40 80 60 62 24 59 84 4 100 28 83 72 71 24 58 20 3 18 61 66 77 42 40 40 87 6 13 66 19 42 43 99 98 56 58 48 45 70 51 63 70 86 18 90 91 34 67 62 46 2 6 43 4 2 99 13 40 4 0 24 1 90 38 72 36 21 80 76 71 88 61 7 31 100 26 20 99 78 99 59 64 39 45 11 61 17 11 46 63 64 85 81 82 1 6 52 93 93 96 98 90 25 74 52 77 16 97 75 23 15 75 29 70 44 52
56 35 93 65 99 3 79 35 48 42 52 64 47 73 90 33 67 78 41 83 18 89 72 89 28 29 87 82 74 79 87 39 8 22 23 85 40 68 74 92 45 48 24 34 20 9 85 1 45 42 95 30 8 82 20 48 70 57 32 72 62 16 52 79 57 86 39 29 25 51 27 71 8 81 40 35 8 52 9 25 42 66 27 54 32 93 66 65 19 92 97 98 29 28 0 53 86 73 98 53 86 48 67 81 39 28 92 4 50 16 12 90 82 27 12 90 59 96 85 88 84 41 22 6 10 46 88 32 26 17 2 22 76 68 25 5 14 82 74 29 65 50 90 53 63 20 74 11 16 49
11 49 24 89 74 64 57 27 91 93 49 37 51 49 20 84 89 29 59 70 27 73 27 54 44 13 71 93 60 66 63 38 46 46 95 39 21 82 56 14 26 66 17 64 5 46 4 97 82 48 22 40 90 7 84 14 90 50 64 73 83 71 67 85 59 2 52 83 7 20 85 92 69 45 13 52 95 38 14 43 81 15 99 64 12 12 16 8 99 37 45 5 63 59 28 0 44 73 1 63 68 15 51 26 13 55 18 60 39 66 60 96 66 25 45 2 29 48 82 71 61 36 9 33 89 95 5 15 9 37 91 48 27 5 22 58 64 8 99 8 18 30 28 4 5 39 82 23 48 27
88 26 30 89 30 98 77 47 94 58 74 91 13 43 81 42 93 56 39 14 34 48 69 42 99 85 46 74 98 74 81 52 79 23 4 33 24 91 41 29 24 22 35 98 34 100 68 2 37 66 32 42 94 88 87 98 44 50 67 75 26 79 80 100 13 7 50 4 44 44 73 23 74 71 98 43 87 16 48 28 69 63 8 59 12 20 62 3 11 17 57 38 61 79 13 55 0 100 86 34 63 37 41 84 85 61 34 65 5 62 41 99 45 17 87 3 83 18 84 28 33 60 93 72 18 60 64 35 76 56 1 26 26 80 46 39 80 19 37 46 53 82 72 87 80 53 46 52 62 67
68 78 39 64 58 71 99 5 39 56 27 7 58 96 32 76 39 22 47 91 10 15 10 92 58 65 2 98 12 65 97 44 44 24 14 38 88 84 82 10 93 70 49 95 63 57 14 89 49 5 31 1 43 88 29 38 57 37 54 11 25 52 48 63 1 94 89 11 91 41 31 51 60 26 22 4 18 16 91 15 86 12 52 14 62 83 13 23 51 95 21 33 85 26 66 95 37 0 75 5 86 75 47 29 58 62 23 33 96 29 27 76 7 79 86 69 41 57 87 64 47 31 51 27 51 64 71 24 44 41 69 10 83 81 6 21 65 66 87 43 81 63 72 41 16 5 24 83 74 18
23 99 70 72 100 3 93 30 75 53 43 46 66 55 62 79 94 39 63 87 88 88 42 88 8 77 86 86 10 69 45 32 16 32 17 100 64 54 67 84 26 10 79 66 11 36 64 42 86 74 5 27 23 11 44 71 91 68 22 64 48 8 67 55 30 67 36 90 9 95 94 24 83 74 8 35 32 90 8 7 100 74 6 65 4 92 30 78 17 92 59 29 94 24 99 39 33 27 0 5 30 28 11 37 83 11 82 79 100 80 93 22 8 18 44 74 1 99 92 52 8 50 10 25 19 56 12 10 36 24 33 66 24 64 29 72 26 42 94 67 88 57 28 15 15 29 80 14 11 28
75 42 89 89 81 45 21 97 76 11 30 13 57 86 60 15 54 88 47 12 29 8 49 53 52 74 94 56 1 24 59 98 44 77 85 7 51 70 38 34 61 94 37 38 98 30 74 95 58 16 44 25 27 71 6 9 65 95 11 93 20 99 21 35 80 44 25 44 88 12 24 35 87 31 73 80 44 84 18 77 24 100 76 56 90 14 39 21 70 87 96 38 68 92 25 85 2 44 67 0 76 57 47 78 56 9 35 18 54 44 7 60 81 77 93 71 18 71 28 72 4 79 37 83 57 6 89 11 80 3 84 72 51 10 12 52 4 64 33 89 78 34 8 48 83 80 98 20 59 89
62 45 60 81 77 99 52 82 33 4 74 19 56 32 48 86 70 42 9 23 29 28 6 41 65 82 15 70 23 49 31 10 94 50 11 4 52 8 63 35 64 78 6 57 60 72 93 85 14 64 85 35 72 80 64 18 81 11 88 94 92 81 54 98 31 91 98 79 80 34 100 29 83 86 67 65 73 78 36 69 63 83 33 88 89 90 78 5 20 61 7 37 74 4 19 38 73 24 81 51 0 64 73 42 85 85 1 2 1 86 44 6 47 33 9 41 9 85 100 45 69 11 82 60 58 80 42 20 42 85 85 76 67 45 17 72 83 62 9 43 26 67 52 30 26 68 3 48 3 10
84 68 34 73 64 55 58 67 79 87 73 22 95 14 84 49 54 7 54 99 80 10 15 29 92 10 36 41 45 52 13 26 17 49 81 22 21 88 13 69 4 89 91 5 52 53 33 7 44 3 95 75 65 70 42 62 83 44 61 15 60 95 87 40 38 94 14 71 44 70 2 69 99 93 46 80 78 63 52 31 8 51 22 98 95 85 59 37 41 5 46 86 22 14 87 69 85 80 28 23 72 0 70 50 56 17 41 40 89 67 73 18 14 100 49 6 73 56 97 95 31 49 69 91 11 21 61 43 8 29 55 76 46 67 44 84 68 6 75 69 36 5 27 17 55 73 91 47 31 11
3 13 6 25 80 55 73 99 76 27 65 6 67 69 36 64 64 41 84 51 8 90 51 54 60 9 2 16 46 2 96 8 55 91 97 16 18 87 16 42 50 20 92 52 35 72 50 19 58 100 32 94 56 10 28 28 58 93 12 75 86 47 56 75 20 6 21 2 66 58 17 89 32 42 54 67 17 12 39 36 38 46 81 53 39 67 54 22 59 78 88 72 83 53 28 92 92 48 69 63 81 65 0 75 60 86 88 90 51 35 2 16 35 39 71 14 71 45 50 46 80 56 12 10 22 49 81 87 51 45 81 45 44 51 63 22 54 64 90 57 36 54 50 88 52 78 6 23 59 97
9 79 61 61 81 71 36 63 82 74 96 8 73 33 87 72 97 46 93 6 62 50 55 70 83 91 35 63 91 48 63 61 52 61 75 73 84 42 100 42 97 88 87 33 67 94 37 4 67 4 8 4 17 45 2 86 58 89 53 54 43 6 22 31 75 25 13 10 91 3 57 74 26 89 96 19 15 99 34 82 100 7 15 33 46 98 6 8 82 75 20 62 46 57 44 11 32 97 15 42 11 83 19 0 79 92 33 80 92 42 32 87 75 45 32 11 94 47 74 64 74 60 36 33 53 100 7 5 71 70 35 70 30 95 16 98 53 39 41 45 90 48 22 66 24 77 50 78 71 56
16 2 29 15 52 41 45 35 74 9 86 55 59 16 50 36 57 2 55 9 88 45 78 36 76 81 34 93 25 9 68 22 12 78 89 64 68 2 43 98 53 28 99 83 12 6 66 33 63 75 54 59 50 50 4 23 10 66 88 80 85 52 77 29 99 50 69 83 87 66 7 39 53 98 91 36 70 76 61 91 76 89 83 12 96 46 68 92 89 59 1 19 51 32 5 36 84 44 59 99 77 55 12 14 0 56 91 46 55 33 79 9 25 43 52 47 41 21 67 25 76 52 95 88 78 38 59 85 80 27 15 13 68 31 47 92 25 28 39 84 39 34 13 96 56 28 4 57 81 85
31 85 6 19 42 74 52 26 90 1 100 92 50 24 36 4 1 29 73 9 11 92 41 96 96 35 80 40 82 56 22 40 69 38 27 55 31 83 57 20 34 89 45 96 39 24 72 48 21 96 41 53 73 68 12 7 58 54 96 26 88 91 44 35 97 33 23 34 100 43 34 55 14 5 71 27 65 77 3 39 98 81 46 91 22 38 50 48 17 4 17 86 60 15 88 46 11 6 49 43 8 50 19 91 33 0 25 9 87 16 86 11 54 38 64 19 64 59 35 19 30 64 87 90 61 96 48 50 43 91 40 37 79 23 39 63 53 81 12 27 90 76 25 72 93 60 4 26 61 11
95 36 21 14 25 76 2 34 46 13 24 33 77 93 88 5 15 15 60 61 47 38 95 93 68 19 18 100 23 43 79 73 57 77 89 61 27 70 73 4 4 58 84 45 11 94 89 83 18 47 24 89 2 94 38 52 60 40 87 11 19 19 98 75 63 73 95 48 57 45 51 72 20 84 43 23 19 63 14 83 24 50 53 1 29 86 100 31 17 46 19 27 17 46 36 8 91 17 27 67 94 81 23 1 92 16 0 54 39 37 90 76 66 13 12 84 81 71 47 8 11 90 9 62 29 93 51 95 99 22 52 67 26 44 97 53 55 57 38 60 21 81 43 62 56 68 74 80 93 58
52 99 4 1 59 93 17 42 75 18 6 76 51 61 81 57 54 86 94 23 21 34 6 58 67 41 46 42 4 2 53 36 14 55 91 8 9 79 40 82 29 98 84 5 78 84 72 42 87 41 14 29 61 42 16 93 74 55 22 59 57 36 57 6 89 70 10 4 74 20 92 11 98 98 25 100 48 68 87 63 37 86 7 57 84 50 25 67 55 62 42 43 50 97 85 24 4 84 43 53 16 9 55 86 10 66 81 0 90 73 10 95 32 87 65 65 89 95 46 83 73 7 66 92 90 18 62 97 29 95 43 61 90 91 1 19 15 96 58 8 71 86 1 50 16 26 67 12 10 1
48 60 34 33 41 94 100 26 37 38 83 76 81 71 53 84 12 98 93 100 43 59 11 79 62 85 69 85 59 40 8 23 38 74 53 46 17 99 40 26 53 66 64 92 33 15 12 63 19 50 2 35 36 16 46 31 35 53 65 69 53 1 43 84 92 59 53 29 25 91 47 61 38 59 9 6 52 28 80 91 29 49 40 25 26 64 48 51 98 84 65 22 74 88 74 54 8 98 79 43 50 54 33 32 17 3 2 80 0 1 18 69 21 6 54 64 65 83 56 28 67 23 96 13 63 21 15 35 97 56 55 95 88 47 35 6 98 5 8 83 54 20 17 95 28 15 1 46 60 89
2 99 30 4 52 44 85 43 39 24 38 59 10 53 3 88 52 13 39 14 60 11 9 94 97 10 49 79 82 14 86 4 20 77 20 71 63 76 87 62 77 14 21 6 59 21 37 53 16 8 97 53 65 67 65 53 90 37 72 14 97 47 93 62 20 46 38 43 59 83 46 16 12 12 49 12 14 22 45 3 76 77 34 88 42 84 81 8 64 1 80 68 2 46 76 49 84 30 76 69 19 90 73 84 59 28 83 53 3 0 1 88 9 74 9 70 86 59 11 61 8 83 66 45 50 97 32 1 57 54 52 49 28 35 41 93 95 68 8 7 1 2 86 5 88 55 32 50 100 68
55 47 55 79 28 32 59 66 7 73 56 8 77 98 56 15 4 2 16 54 38 95 57 3 61 5 31 27 42 78 20 69 75 88 56 16 90 93 96 9 99 7 64 21 33 86 21 51 62 67 63 92 36 82 16 46 94 71 14 35 6 9 25 10 82 75 99 55 22 71 51 43 22 56 76 33 24 34 20 15 52 69 29 32 90 90 98 88 40 97 17 49 93 95 24 23 41 38 17 58 66 3 78 30 6 51 97 20 86 22 0 40 99 2 55 21 49 62 64 92 67 77 12 37 78 43 78 55 88 36 49 53 19 67 48 25 51 4 25 46 54 94 49 34 71 88 54 51 87 46
43 73 72 31 26 81 27 64 51 17 1 39 21 63 96 5 87 2 35 20 57 83 71 26 11 81 87 74 97 83 86 44 55 49 40 19 83 33 67 36 9 35 7 74 6 80 15 64 96 15 93 14 96 16 43 28 25 21 16 44 57 90 91 54 86 25 22 40 38 22 33 74 58 67 64 16 63 83 99 63 70 28 84 30 2 98 74 17 31 90 8 69 13 55 4 17 78 60 85 84 52 22 95 64 70 92 85 30 61 60 3 0 59 66 3 86 63 70 92 96 81 92 85 65 38 22 39 34 40 31 82 15 57 61 88 56 92 74 90 59 1 39 80 85 48 27 62 54 35 41
38 78 7 1 65 1 63 12 16 17 37 70 76 43 20 40 81 12 51 50 34 60 30 82 21 64 90 90 56 31 48 26 25 86 24 34 50 18 72 82 72 90 86 74 25 85 89 73 11 98 69 9 23 46 8 77 10 60 53 14 62 71 91 14 48 86 61 29 21 26 80 45 3 23 40 17 69 36 96 17 65 12 9 16 21 88 78 89 12 57 73 52 23 81 43 32 83 8 16 13 53 91 61 16 15 50 19 28 80 78 29 36 0 8 17 73 26 84 5 35 54 9 7 53 43 3 81 34 81 87 82 25 72 86 24 1 88 30 37 47 25 23 38 59 69 15 10 99 20 97
3 28 15 60 94 38 52 2 39 46 37 55 34 62 79 52 85 9 88 12 86 52 88 93 93 48 29 74 85 92 1 8 33 93 93 34 98 72 71 9 7 16 15 99 30 33 69 44 85 81 93 67 60 29 17 79 69 74 67 85 35 96 98 55 95 86 79 45 67 3 43 11 22 100 39 8 61 52 63 17 82 65 79 85 90 47 3 96 43 37 12 93 20 58 63 12 73 14 6 87 50 19 73 89 62 42 7 13 19 65 76 24 51 0 64 1 97 38 74 94 88 3 23 64 85 33 96 3 6 67 7 81 32 57 3 88 49 64 2 88 94 27 25 13 40 48 31 52 80 35
18 31 95 26 71 98 61 96 60 87 98 89 79 85 26 1 84 73 65 72 63 97 72 11 51 33 73 82 42 67 53 5 19 78 86 30 40 62 2 34 75 70 74 71 63 74 31 91 86 39 33 51 94 84 49 94 37 25 23 35 57 55 52 44 92 22 56 88 7 14 63 68 65 33 84 25 15 75 87 70 77 83 80 79 83 9 72 28 41 65 55 48 92 63 53 8 18 8 29 21 72 15 12 53 26 83 4 80 42 56 8 45 21 28 0 93 86 38 41 94 70 60 84 92 73 47 16 45 57 49 3 90 64 19 40 62 40 57 81 73 78 6 99 56 26 89 92 91 79 55
20 21 70 30 43 18 79 73 77 63 48 41 36 86 100 19 94 4 51 60 47 55 12 17 49 7 84 55 8 15 85 13 93 64 81 87 21 50 80 47 83 52 67 86 22 25 31 30 36 6 69 73 24 14 59 12 1 75 22 29 42 71 14 81 17 15 19 2 91 27 46 61 82 34 3 43 2 44 72 30 20 85 10 5 12 71 73 75 85 58 14 56 78 63 53 48 55 11 1 21 48 53 55 95 89 79 45 14 40 73 54 48 14 95 89 0 32 4 77 64 82 41 63 27 87 59 81 10 83 44 99 77 54 81 61 41 48 33 35 43 29 59 7 59 4 59 43 56 69 48
44 51 56 82 75 33 8 54 19 73 85 27 71 25 18 66 42 83 74 45 88 83 29 3 31 50 97 3 10 58 2 51 12 37 78 96 25 96 73 19 60 78 97 89 32 27 33 70 84 40 11 2 12 79 86 78 95 3 21 1 54 8 81 42 18 80 81 42 21 84 75 37 85 13 86 89 97 61 86 54 4 26 52 15 87 85 43 9 42 46 18 82 82 48 67 41 90 11 14 56 15 29 10 12 100 78 73 29 26 37 71 33 45 100 9 77 0 3 79 82 15 45 24 49 82 74 91 84 27 86 82 20 16 40 96 10 9 75 25 98 78 24 1 82 12 11 38 14 48 66
11 53 2 2 27 66 11 59 45 63 68 92 61 22 35 71 47 75 48 74 86 85 18 42 92 16 90 38 64 50 99 23 92 41 38 75 28 36 88 76 87 6 57 91 28 31 72 64 79 44 40 56 46 13 5 40 54 9 88 87 50 58 7 3 34 38 12 56 19 17 3 42 55 11 10 56 83 12 57 16 53 58 18 41 31 16 34 90 59 65 49 13 20 62 55 41 81 99 72 59 5 15 89 83 58 55 34 25 38 85 94 38 27 29 78 77 58 0 12 6 77 47 91 78 37 78 38 36 89 77 58 53 66 40 27 85 9 33 78 26 32 58 18 96 86 31 69 99 9 88
38 33 64 22 33 67 1 13 86 17 39 30 45 84 17 62 1 71 4 19 60 10 1 17 3 83 93 87 30 89 72 31 54 62 92 20 37 99 16 23 22 3 32 80 29 52 78 53 5 37 62 51 48 28 55 44 51 82 70 53 31 13 34 17 35 53 44 13 52 83 15 97 49 41 51 35 14 98 83 19 26 41 93 99 64 87 10 84 91 26 41 52 98 59 88 85 83 40 52 1 65 82 64 68 92 52 25 68 44 89 88 7 6 19 80 30 26 77 0 10 91 8 22 39 72 21 38 25 94 80 56 88 53 34 53 86 50 27 32 28 81 62 50 79 85 39 48 24 44 27
51 28 43 3 87 11 32 65 87 93 86 63 19 9 99 85 75 69 45 18 16 10 47 17 29 38 64 6 44 64 41 94 16 99 26 35 44 81 54 61 97 72 48 56 81 42 73 79 85 93 64 12 13 3 99 26 29 8 78 39 30 20 84 61 37 83 14 47 54 17 89 15 89 3 20 71 2 99 5 84 43 71 2 15 6 13 7 43 14 26 6 93 38 92 40 58 5 72 62 98 89 100 21 29 34 85 22 35 85 33 25 36 68 71 9 81 88 94 37 0 92 38 91 76 42 74 89 34 91 65 83 69 41 60 21 35 48 65 83 22 2 70 75 95 71 100 91 44 19 54
10 56 35 10 63 64 44 15 66 31 34 88 32 25 76 52 85 45 48 6 88 8 70 42 37 9 100 41 29 15 25 13 35 27 66 33 30 99 12 16 88 55 96 3 57 29 59 24 38 64 13 68 84 44 32 89 40 62 100 44 36 82 47 41 91 84 54 29 77 87 14 71 65 2 56 62 96 97 65 41 7 40 95 56 19 83 64 10 50 78 88 60 33 53 88 61 9 86 35 50 15 53 34 44 56 29 100 72 12 29 56 78 29 86 45 29 70 55 25 42 0 14 80 45 59 63 52 1 30 66 97 49 33 48 69 11 80 90 58 46 33 33 5 46 16 54 12 24 40 72
41 1 96 17 62 94 1 98 83 94 19 17 77 4 10 13 60 70 27 49 83 83 71 44 58 36 43 41 64 61 32 25 6 58 93 29 11 94 39 6 34 31 1 94 86 79 36 37 28 92 8 88 22 71 31 60 30 82 54 62 80 49 70 54 92 53 93 97 15 4 17 52 45 56 27 41 16 92 20 12 27 38 52 75 65 38 88 94 18 55 85 70 6 91 78 82 97 26 27 10 63 21 2 59 33 5 18 83 91 25 65 23 59 63 98 22 98 15 68 48 98 0 53 14 55 80 58 3 89 63 72 71 34 5 13 51 79 64 97 73 51 35 3 64 17 42 38 55 22 39
7 23 89 31 86 22 28 44 21 49 56 16 41 74 87 26 16 11 93 60 41 61 26 36 49 100 34 11 18 78 11 7 83 34 46 23 23 72 70 33 25 14 54 31 63 24 25 46 69 23 8 83 61 30 62 51 25 82 47 45 16 24 67 18 53 65 72 100 16 57 79 19 50 47 15 64 95 52 51 46 18 82 28 83 5 95 98 62 29 74 83 46 28 61 84 88 25 43 88 100 5 20 62 6 12 95 35 55 77 59 45 8 5 9 86 58 72 85 11 59 62 95 0 38 93 38 28 97 97 17 81 38 13 49 39 4 94 62 56 39 91 69 92 67 46 15 80 73 86 84
67 91 92 96 62 64 82 18 74 91 61 11 86 28 42 29 2 68 19 57 54 10 78 18 100 22 74 100 30 77 98 43 46 76 11 3 74 78 25 55 86 21 92 61 23 28 7 10 71 98 13 22 6 97 36 57 11 57 70 15 51 15 2 10 5 81 98 94 60 23 14 94 29 95 66 25 43 33 43 9 79 10 76 87 84 71 63 39 88 32 45 54 93 30 93 29 33 63 71 83 39 4 61 63 70 93 63 95 27 36 68 1 69 73 4 48 83 36 80 70 40 87 42 0 75 61 94 13 68 26 92 41 20 84 56 91 14 22 12 23 69 75 88 49 77 58 26 62 43 59
56 51 42 46 39 71 11 22 7 53 10 19 20 88 58 94 71 10 15 32 55 59 14 78 5 2 80 69 25 12 6 54 24 92 69 63 47 7 66 26 98 53 92 25 69 24 53 94 5 75 53 29 74 73 97 89 27 24 75 100 71 47 83 5 59 36 49 50 20 22 39 21 90 2 74 59 13 92 65 96 79 27 6 77 30 75 59 47 95 61 82 55 71 96 48 3 9 93 100 44 5 88 44 76 100 38 68 82 35 70 89 3 36 16 100 47 30 35 76 49 4 10 5 47 0 81 17 49 30 51 61 28 56 34 45 87 83 74 14 2 25 96 2 90 80 84 84 52 56 58
91 91 50 15 83 100 96 2 36 4 94 24 82 89 67 79 29 49 93 22 66 96 29 66 58 72 42 92 77 29 55 11 13 90 63 50 73 10 93 13 76 100 60 60 86 65 5 93 76 82 78 44 47 17 73 31 47 39 34 23 69 21 73 28 71 23 92 59 54 68 75 34 24 92 48 52 80 50 65 71 23 38 8 70 55 58 78 55 73 67 23 1 7 98 14 97 32 11 28 54 87 23 81 70 74 9 69 91 55 98 88 58 100 9 33 26 76 63 8 41 77 31 98 15 90 0 26 16 15 96 46 23 37 13 76 60 64 9 79 28 93 53 43 53 36 76 18 69 100 72
92 62 9 25 17 75 43 68 15 66 56 95 56 18 46 87 54 35 8 49 2 84 71 29 78 13 39 16 62 85 70 93 64 85 55 22 7 57 64 4 33 54 75 61 5 81 77 80 32 3 2 14 81 54 96 55 46 63 75 50 9 8 82 66 81 92 88 69 54 77 47 10 2 77 69 90 60 64 16 14 37 68 63 20 22 46 72 83 77 4 98 8 59 24 40 38 97 76 27 100 50 50 58 14 60 6 48 78 58 49 17 24 54 73 14 19 99 91 59 85 53 12 6 52 20 6 0 42 3 57 100 100 13 54 25 24 28 1 22 99 21 75 7 95 98 83 71 92 91 25
45 86 45 79 34 79 12 63 56 82 4 89 37 87 75 31 65 66 44 3 44 90 79 19 64 23 68 48 53 44 85 47 89 68 63 11 30 35 11 37 62 83 33 9 67 5 82 50 31 2 39 34 65 30 44 70 8 4 18 56 52 98 47 19 59 53 23 57 62 8 77 22 71 62 98 16 41 22 29 9 38 42 67 12 53 42 77 79 12 34 48 37 43 22 22 96 82 18 58 13 35 77 66 70 56 61 55 99 88 12 46 17 27 94 5 44 83 27 32 32 44 41 70 37 7 69 91 0 65 79 66 14 94 28 99 69 1 45 91 44 2 43 65 28 49 26 57 6 53 71
27 67 83 95 78 16 25 64 30 60 91 21 30 89 37 27 5 44 6 21 17 85 49 79 12 99 87 90 95 8 20 38 36 4 93 78 60 98 89 77 77 75 70 45 100 25 62 24 43 43 15 96 69 51 24 79 66 19 9 32 96 65 41 16 54 97 57 65 32 44 68 14 27 42 1 7 66 88 45 52 69 88 54 72 38 92 27 68 13 12 4 51 49 11 36 76 91 32 41 18 96 99 92 89 43 3 58 18 44 84 46 55 52 96 92 2 8 77 9 41 91 3 92 76 64 100 8 27 0 41 63 79 24 54 21 71 47 29 97 11 87 44 43 48 80 39 55 100 5 96
23 79 3 76 78 65 54 20 31 83 57 39 73 76 93 34 52 74 51 37 28 37 73 72 36 16 47 55 13 84 82 41 96 65 66 27 26 50 30 82 19 3 57 34 46 8 58 22 82 89 30 64 67 84 97 63 86 7 90 34 23 18 68 47 46 11 49 76 68 80 32 52 30 1 27 81 30 19 78 40 85 20 59 50 84 68 34 10 3 26 75 26 63 20 13 47 68 84 77 71 22 23 15 85 43 93 40 52 41 57 70 64 47 26 48 13 14 40 85 72 6 68 82 91 83 100 61 32 9 0 6 85 37 6 15 60 74 22 14 80 95 91 5 37 100 10 88 85 51 93
90 9 33 67 12 28 63 61 46 49 90 31 11 46 9 38 32 2 62 79 58 66 3 28 16 44 86 89 39 68 71 85 76 87 5 70 25 4 60 11 16 33 38 13 96 75 35 100 82 70 97 6 31 95 15 28 50 10 17 56 96 26 61 23 95 59 97 51 60 79 9 76 64 96 18 79 5 61 8 75 12 79 15 15 30 70 12 71 99 16 18 27 66 73 18 5 11 52 76 63 89 93 47 99 56 79 37 73 2 100 62 74 7 6 17 30 7 68 88 97 59 62 8 2 72 57 53 28 59 23 0 43 36 40 89 57 58 54 45 28 19 6 27 16 79 19 51 98 92 61
73 49 83 97 39 67 65 61 2 19 53 77 15 20 19 88 60 35 24 27 83 53 57 22 23 95 1 72 1 47 23 50 76 47 35 83 99 39 44 30 3 14 42 39 29 97 77 71 97 86 41 78 37 67 43 42 35 37 16 58 36 14 97 80 9 9 27 23 16 61 55 63 68 16 56 90 56 54 24 35 73 28 45 17 42 90 81 42 24 57 36 72 29 13 100 16 14 7 29 58 20 32 94 100 74 49 20 78 49 65 53 89 28 56 76 54 26 67 91 22 89 20 69 47 8 52 37 38 68 61 83 0 67 31 77 38 29 9 75 93 18 79 72 45 57 81 11 70 34 70
5 10 98 35 92 23 52 24 29 93 82 94 99 87 100 30 86 13 61 64 44 30 32 12 7 59 83 88 79 63 77 86 41 56 5 77 64 70 92 54 78 35 100 18 62 47 75 20 41 64 61 76 43 57 10 33 96 70 98 82 55 92 67 1 69 63 4 68 93 83 42 98 90 14 35 44 38 62 13 94 86 48 46 16 73 61 45 56 29 36 87 35 47 87 95 40 51 45 35 72 21 100 13 79 50 64 48 13 89 100 74 36 95 39 49 1 81 94 33 17 90 32 54 94 76 85 55 15 7 36 62 88 0 99 90 20 45 41 64 51 8 57 93 50 21 34 95 65 54 23
12 74 75 89 46 55 44 73 83 9 61 15 82 36 29 91 58 48 69 71 78 80 23 61 5 41 14 35 51 1 4 36 31 71 15 68 50 2 81 46 43 54 74 21 81 59 42 38 2 17 79 77 54 54 51 2 100 46 38 16 30 84 23 98 3 62 45 62 32 90 72 84 99 30 39 28 44 85 20 59 92 51 62 25 52 47 67 54 74 2 6 67 2 99 86 4 12 89 28 100 92 37 25 50 9 72 64 69 31 59 26 18 27 9 63 10 16 17 48 40 55 85 90 99 18 82 82 87 6 65 56 4 86 0 45 25 56 71 90 48 71 53 41 1 24 2 25 81 85 6
45 17 25 71 35 49 53 46 21 66 97 65 38 6 64 10 71 28 91 8 30 48 90 68 15 89 63 51 29 9 68 98 31 64 19 14 36 35 100 70 23 39 93 37 59 50 92 52 23 97 86 16 5 43 75 51 80 77 70 69 26 95 70 49 27 57 45 77 35 93 4 54 18 76 47 35 18 15 31 41 64 37 21 83 67 6 4 26 93 94 18 52 20 46 31 97 36 73 3 82 17 87 89 14 20 90 40 69 37 54 49 91 44 59 16 1 72 65 19 66 62 71 97 92 22 58 84 67 87 92 6 87 43 76 0 44 46 98 69 99 17 45 7 14 99 97 84 8 58 75
39 88 89 47 53 6 17 46 20 60 28 25 73 9 46 66 5 84 30 4 76 96 53 6 9 83 46 44 3 8 10 37 36 70 100 96 87 90 19 38 44 47 34 11 9 80 81 53 81 18 95 81 11 16 87 20 80 79 22 61 85 73 77 91 25 93 87 77 30 4 22 51 29 66 55 100 7 68 78 67 33 52 15 55 55 18 26 90 5 18 9 75 38 6 11 34 30 73 83 41 13 16 82 41 4 96 42 63 44 60 23 11 81 84 83 72 24 10 41 57 20 77 30 36 41 19 64 5 98 59 38 97 41 70 24 0 100 85 13 58 23 39 60 67 22 32 78 44 1 74
77 6 65 52 62 92 10 19 36 21 11 70 26 54 73 58 91 98 87 11 86 25 25 17 48 26 8 90 88 52 62 71 13 56 26 58 40 21 50 67 30 64 59 73 10 9 13 15 46 61 36 14 78 70 33 46 17 16 81 13 64 49 59 90 93 63 56 77 40 56 32 22 12 74 30 28 44 37 84 41 83 98 13 51 17 9 31 65 39 53 56 14 54 22 19 41 2 27 75 78 84 17 48 27 42 100 72 47 51 17 40 99 59 59 23 34 23 70 55 23 24 49 83 68 96 74 23 44 38 84 38 52 59 8 45 3 0 93 88 73 29 55 8 51 34 9 62 5 98 13
33 28 75 2 84 48 36 92 27 68 65 76 66 70 48 42 17 25 74 76 16 21 67 36 24 78 57 81 57 5 4 62 90 27 82 76 2 44 9 73 16 8 33 1 37 35 38 44 44 70 71 55 63 39 44 75 92 33 93 36 58 69 3 43 85 48 15 62 47 95 61 64 25 79 62 79 97 97 17 97 41 57 3 67 4 92 33 8 52 48 70 9 12 15 4 54 10 75 51 89 63 33 96 16 86 43 32 52 11 23 42 1 73 9 49 95 17 8 65 1 28 6 91 48 67 93 39 26 6 76 73 60 59 57 40 77 83 0 42 35 8 37 87 20 81 90 40 97 67 41
59 93 52 96 80 1 13 99 27 31 80 95 38 74 96 73 36 74 91 12 9 66 45 5 27 56 24 21 48 45 55 16 13 96 48 44 62 83 45 88 79 60 34 50 7 86 19 15 10 40 59 89 60 65 9 9 56 73 10 83 19 59 12 50 46 43 41 76 96 30 23 74 8 64 67 92 9 48 75 19 55 70 16 75 35 45 88 7 54 56 52 34 91 83 65 79 33 62 12 13 46 41 44 1 49 4 19 91 93 41 79 27 51 84 54 48 58 90 12 25 73 77 85 20 88 34 55 75 91 68 32 89 96 21 47 77 35 99 0 59 33 26 84 28 6 10 61 94 69 4
95 31 21 64 67 9 35 24 4 1 6 100 2 74 25 81 85 80 74 6 90 86 85 98 74 97 91 19 37 87 47 71 93 65 82 52 46 53 89 93 24 99 9 84 63 64 86 94 22 75 64 69 48 88 30 15 10 70 20 67 41 10 40 77 59 48 63 98 96 72 5 17 99 57 82 62 40 96 90 11 24 69 88 38 27 53 2 39 37 12 56 78 21 1 22 22 42 94 54 95 50 82 23 62 76 28 58 64 44 58 67 28 62 17 12 59 7 30 16 48 71 98 35 80 20 62 83 100 97 94 74 78 71 95 67 89 8 11 6 0 84 48 96 32 28 45 79 74 17 97
26 36 78 3 48 85 36 3 56 61 18 89 49 39 18 73 20 41 5 22 46 52 55 44 88 80 49 56 64 8 32 57 82 6 83 62 26 38 16 93 40 11 39 86 6 69 18 64 56 33 44 55 90 62 12 83 69 25 9 20 59 48 96 74 93 22 1 55 77 22 22 3 97 100 12 35 57 80 87 45 68 79 52 15 6 99 29 42 8 94 89 100 60 60 69 93 87 28 94 95 88 1 95 36 75 18 73 85 70 20 5 4 79 63 66 49 38 86 81 84 96 95 13 69 12 42 46 13 20 84 40 33 92 99 11 21 83 96 10 63 0 98 38 52 20 41 53 78 49 42
21 43 70 57 56 1 75 98 25 28 27 9 98 72 30 31 13 85 78 88 18 98 2 28 12 16 29 2 33 96 80 83 95 100 43 7 17 16 69 18 5 87 51 65 63 9 22 63 97 99 46 22 16 99 9 68 23 48 61 39 67 48 78 9 32 36 76 59 34 83 11 16 77 27 56 93 81 57 16 88 76 39 62 77 6 95 65 99 16 41 33 19 4 49 23 38 88 38 96 84 79 10 71 81 35 24 74 95 45 74 92 16 43 94 13 42 16 87 58 48 65 23 88 10 6 36 65 40 87 64 24 19 76 57 22 76 6 25 59 33 24 0 5 75 5 16 24 48 96 27
95 83 55 16 90 92 37 19 65 99 94 17 40 36 91 93 72 83 50 15 11 88 99 4 50 97 91 85 25 38 51 33 26 76 1 7 78 33 55 37 8 59 57 98 99 99 92 51 55 40 54 20 2 100 75 91 93 25 84 69 60 80 80 43 10 82 49 48 54 28 80 38 61 53 63 82 73 2 74 48 93 25 24 10 18 48 11 31 37 72 42 19 35 25 46 86 57 17 39 78 28 81 57 13 39 95 26 89 66 96 50 6 27 43 40 73 87 55 14 62 76 58 37 21 84 86 46 100 36 72 88 1 42 87 57 37 76 6 6 36 18 50 0 31 87 17 38 23 33 1
91 21 63 84 6 79 26 16 95 34 47 67 80 59 89 41 31 80 68 58 53 38 37 4 63 17 9 43 29 76 43 59 56 63 2 94 84 62 14 11 43 96 61 90 13 92 9 76 24 91 45 93 1 2 9 37 20 9 66 36 9 79 85 62 72 32 91 22 1 57 1 48 15 75 68 96 18 39 99 33 99 76 56 75 65 90 33 1 33 98 8 86 45 57 49 14 16 17 26 39 69 77 67 45 46 48 71 98 47 65 58 34 16 22 37 51 95 75 55 80 69 72 62 27 10 77 49 23 26 64 19 35 43 48 92 56 69 14 22 97 29 77 55 0 72 54 42 76 20 15
3 21 97 20 47 72 56 87 55 35 32 30 20 98 84 88 45 52 38 72 37 56 11 100 96 52 7 21 78 73 3 94 5 74 78 36 68 97 49 97 16 54 55 44 86 71 19 71 13 27 51 30 42 27 76 35 52 50 39 78 29 48 4 36 82 58 49 22 38 47 6 4 31 90 74 10 100 98 88 69 14 26 58 79 47 66 22 83 56 77 4 81 63 98 51 56 52 16 11 77 94 81 10 43 80 50 10 95 21 19 58 2 87 55 93 80 3 89 23 68 61 62 69 5 37 73 87 43 10 54 64 55 95 3 2 58 59 52 19 21 37 91 55 61 0 16 91 58 81 15
28 12 21 33 67 47 87 70 70 82 24 29 15 12 32 97 6 70 3 37 3 60 1 69 52 53 42 30 71 26 89 89 96 41 46 83 54 78 18 47 70 50 68 92 3 62 81 20 56 62 99 65 15 31 74 60 92 45 87 68 69 5 69 24 87 46 24 99 45 46 83 74 67 32 87 27 90 60 26 41 10 74 81 4 28 94 32 86 77 83 9 14 23 43 76 12 14 87 39 14 34 67 86 25 7 52 28 10 12 52 18 3 36 22 55 93 18 86 97 48 97 99 63 33 68 87 23 42 6 71 18 6 43 60 26 32 16 54 51 26 74 55 30 74 87 0 77 33 48 90
47 11 9 82 81 74 64 71 23 78 97 1 64 62 34 98 51 24 89 36 37 21 70 74 88 61 19 29 64 72 65 50 85 6 93 86 4 81 59 38 5 36 21 28 16 46 95 18 98 91 18 26 18 10 19 49 9 68 93 12 91 32 53 3 75 7 57 8 97 90 50 32 90 45 55 60 95 51 39 91 30 64 70 26 1 97 91 32 44 94 20 66 90 16 27 54 35 62 12 28 4 53 46 21 10 51 30 52 27 68 53 37 82 70 90 91 78 3 84 85 22 12 13 41 8 33 51 1 15 42 34 42 29 28 66 1 24 15 10 43 19 58 42 40 88 26 0 85 27 57
56 74 9 43 82 47 32 51 66 34 50 68 43 95 66 55 76 75 36 70 96 20 55 2 93 85 52 22 39 23 21 69 54 15 33 75 87 62 50 5 40 95 99 53 87 60 92 92 39 16 90 50 71 43 23 57 16 6 57 26 74 32 9 64 44 5 52 58 3 23 57 47 86 30 82 96 47 56 32 98 61 77 23 73 15 91 67 20 48 77 35 10 55 73 44 44 72 56 25 99 63 57 64 73 77 84 62 27 62 40 78 86 62 58 31 47 18 9 19 15 44 11 2 90 61 29 24 34 63 54 82 12 59 52 95 31 25 8 70 47 54 59 74 56 68 68 71 0 51 100
63 31 13 41 35 71 20 29 17 34 74 12 1 14 43 35 92 90 56 49 2 4 60 39 93 8 60 82 98 69 39 7 88 35 80 10 53 20 18 86 75 6 95 60 8 45 76 29 90 41 69 9 75 91 70 58 14 57 69 10 80 82 93 32 5 79 94 100 14 94 78 17 77 21 11 18 96 99 1 4 85 20 78 11 49 59 53 7 23 39 44 37 27 35 38 5 4 59 92 98 45 6 58 65 87 41 92 3 100 32 41 46 78 15 79 24 91 100 56 73 15 28 30 82 94 46 66 70 32 87 26 34 18 94 90 63 95 80 59 10 100 64 91 64 63 63 84 67 0 10
74 29 1 82 74 25 46 17 41 73 67 1 59 71 9 50 36 8 67 27 96 20 40 84 51 80 57 35 82 29 30 64 5 22 94 77 83 77 96 41 3 22 91 48 20 89 1 36 39 51 24 31 3 2 33 57 77 76 17 43 73 33 9 84 49 92 77 43 37 96 45 25 83 51 94 40 60 58 62 48 74 22 38 49 91 23 4 30 62 15 94 69 57 69 41 18 95 94 1 92 38 36 12 37 3 30 21 69 89 79 47 71 47 66 74 55 2 13 10 95 23 4 58 20 96 33 6 23 65 94 39 24 69 10 90 26 78 100 40 96 29 40 89 68 29 63 16 16 27 0
