0 63 66 34 37 80 28 29 27 38 5 24 17 33 68 14 74 18 75 40 28 47 70 24 95 63 38 23 70 55 86 15 65 88 43 10 60 39 68 3 35 3 32 66 54 62 71 17 39 38 67 16 65 49 16 63 55 43 25 1 6 8 80 61 40 37 59 8 74 35 53 96 83 37 45 40 16 33 21 59 58 91 33 10 2 9 45 13 13 70 93 9 49 40 71 65 38 31 14 81
88 0 4 33 14 19 90 50 54 48 44 52 27 28 84 79 76 43 74 70 39 34 67 97 33 20 12 73 90 58 97 76 80 65 79 10 79 96 26 20 82 14 19 82 92 16 69 4 68 15 24 48 25 61 35 27 2 97 46 41 89 68 12 82 31 30 83 34 36 46 48 91 35 73 44 42 19 99 11 8 43 34 64 85 71 76 53 2 12 84 61 82 67 54 26 62 56 26 36 35
49 100 0 44 4 28 5 1 48 20 93 84 91 97 78 29 39 37 67 45 78 95 40 98 86 77 97 73 82 56 58 55 27 97 70 42 57 78 83 33 96 63 21 43 16 93 8 79 81 30 31 79 3 86 50 35 92 66 96 61 40 27 54 79 76 86 74 19 20 73 35 77 66 68 15 17 50 100 83 39 98 48 40 4 97 27 54 3 20 65 49 76 66 5 97 48 57 38 34 58
59 5 16 0 64 54 6 81 84 18 87 49 28 28 5 69 43 76 92 83 35 38 53 32 20 54 98 63 63 34 94 82 91 8 65 35 90 68 6 97 99 85 96 10 26 54 70 38 1 56 58 93 53 66 3 62 1 66 77 86 47 46 18 23 94 66 19 27 7 4 80 83 94 43 36 27 5 80 67 41 57 49 77 33 44 5 71 95 73 29 24 87 92 55 89 37 88 60 33 17
68 2 28 32 0 46 84 86 52 38 86 67 7 39 72 96 71 21 37 65 62 70 67 85 81 46 36 13 43 37 24 8 21 16 86 70 11 78 37 64 60 20 40 35 79 83 35 41 2 94 95 80 68 71 39 12 6 90 78 8 69 83 49 20 78 91 97 41 97 23 88 56 51 12 22 20 71 74 16 66 11 66 92 34 24 33 3 27 22 95 19 83 84 84 99 76 84 62 57 71
6 59 63 51 51 0 33 96 20 3 3 93 100 74 69 58 61 83 87 14 53 50 30 48 66 28 71 66 58 28 88 35 2 57 44 16 9 37 99 74 91 72 10 8 75 22 28 6 82 5 13 92 17 66 89 1 37 17 21 74 12 22 29 88 67 51 46 69 58 84 18 53 7 82 12 67 91 79 34 65 73 89 35 26 84 37 98 66 31 41 24 15 91 65 38 15 17 55 43 40
29 86 99 39 95 40 0 36 48 83 26 99 10 94 11 90 34 54 19 77 76 2 31 15 14 51 54 58 35 58 50 93 51 92 63 5 62 2 31 22 22 60 3 4 100 60 84 89 69 31 30 4 81 88 25 3 57 16 37 1 82 44 19 99 49 85 92 32 28 61 14 54 24 30 37 20 77 40 100 25 79 86 72 21 83 18 32 82 65 81 53 68 39 25 91 42 54 49 41 69
63 92 54 97 64 41 13 0 47 64 86 54 32 85 97 9 100 28 72 7 51 95 12 2 90 2 59 30 13 14 95 33 99 37 2 23 23 73 9 42 81 1 74 15 60 97 10 62 71 82 13 74 22 97 7 5 27 86 98 43 48 77 5 85 2 8 17 100 50 23 54 25 11 76 28 95 1 33 74 74 60 56 99 3 24 89 7 42 99 89 48 79 63 23 29 68 19 11 83 73
44 14 95 85 24 61 31 45 0 25 3 41 15 23 45 64 32 56 21 15 16 23 86 63 93 19 32 89 15 17 1 65 71 44 78 93 39 65 72 81 57 14 21 66 74 6 63 37 9 98 11 13 88 42 74 89 14 51 48 39 77 92 12 83 94 38 16 12 59 41 13 32 96 63 98 43 1 23 1 62 91 79 6 11 73 61 27 52 77 44 15 75 99 36 63 9 85 91 90 80
8 88 36 89 6 9 9 98 72 0 45 67 70 5 33 85 95 16 47 70 37 27 24 9 59 85 70 54 67 61 46 97 1 71 70 5 12 62 3 32 96 46 5 21 83 25 79 30 15 81 60 79 11 15 98 7 26 58 5 65 68 77 56 1 46 95 48 37 80 57 37 74 41 16 29 67 35 24 6 52 95 91 24 43 100 67 15 47 43 3 54 96 13 66 87 63 88 13 5 94
59 50 20 75 1 90 12 97 19 88 0 20 95 97 26 24 100 42 12 37 3 83 59 52 27 50 32 17 41 7 52 93 25 99 10 35 7 19 39 35 80 79 77 72 35 48 23 71 71 34 92 3 81 58 91 31 87 19 54 34 97 15 61 53 91 41 48 10 42 4 87 12 38 15 23 23 48 79 46 73 29 92 87 33 51 76 54 83 54 76 16 36 21 64 80 24 70 41 81 53
84 4 88 82 4 6 28 43 74 27 46 0 31 56 16 16 87 83 56 61 33 53 32 16 5 71 73 72 38 24 78 33 49 69 35 11 49 66 94 79 51 21 64 64 44 22 93 8 10 47 47 47 28 97 16 83 96 2 99 93 24 92 18 35 29 98 53 27 10 25 33 94 76 94 97 36 68 10 33 67 18 10 6 74 12 8 48 28 42 70 71 89 69 1 75 28 33 5 46 53
56 27 68 34 24 31 72 17 24 52 62 32 0 9 72 90 23 94 96 28 65 90 27 14 61 25 57 90 23 82 23 5 72 75 6 27 34 14 33 3 55 58 63 61 55 25 65 94 4 5 47 48 50 64 28 99 4 69 83 51 73 7 85 63 86 80 9 61 38 74 41 43 91 49 73 98 93 53 21 49 17 9 35 15 48 33 59 25 100 75 51 2 41 48 53 16 87 82 99 40
64 81 17 76 85 66 97 24 10 58 4 22 49 0 63 15 95 27 75 36 99 57 46 13 74 28 62 25 36 64 85 54 50 2 86 99 62 92 75 27 81 45 83 42 50 81 50 55 34 98 53 9 30 76 43 41 17 42 12 95 95 89 54 69 4 48 53 86 61 21 35 43 95 43 48 63 41 85 18 74 69 81 32 59 98 77 24 19 65 98 10 93 64 29 83 20 62 43 27 73
36 39 3 70 11 91 53 95 71 20 75 74 56 2 0 30 70 15 39 76 15 11 88 45 78 60 73 63 67 71 66 91 94 52 7 93 82 97 82 43 98 20 38 90 70 34 26 38 18 69 34 11 78 94 42 48 42 27 36 75 82 37 3 13 12 49 41 87 4 4 52 5 65 71 16 62 30 100 60 28 20 11 24 74 6 12 97 31 9 53 23 97 57 10 15 1 19 31 76 89
44 6 40 7 82 46 86 16 66 71 86 81 18 2 58 0 100 80 79 100 83 2 58 94 4 32 35 36 12 11 74 80 65 23 93 30 62 11 63 39 71 11 77 24 92 22 70 47 54 33 33 69 6 79 97 36 64 91 72 42 77 48 57 39 13 43 78 12 25 2 19 24 11 7 6 3 33 42 43 89 30 39 60 96 78 28 68 57 38 42 1 49 41 22 97 30 57 62 25 79
64 13 5 76 44 51 36 95 53 52 57 8 14 96 68 50 0 23 35 33 58 17 2 89 11 27 89 78 24 47 46 54 74 60 30 91 60 43 87 26 39 15 26 47 85 25 46 19 39 44 85 25 99 22 73 26 95 67 41 24 78 33 13 1 70 36 71 75 96 75 8 87 56 23 38 55 24 72 83 96 42 85 30 47 91 31 73 82 3 9 66 91 79 87 98 57 22 60 87 98
91 32 20 88 69 98 59 23 88 94 14 30 84 6 22 41 75 0 54 32 18 48 42 53 75 97 79 49 35 88 81 62 100 82 7 17 49 43 99 93 32 62 59 95 42 60 44 78 81 15 27 68 82 81 33 20 39 32 43 97 63 68 57 44 93 60 47 1 41 85 70 76 29 57 28 66 76 7 78 44 49 62 48 43 5 62 30 21 52 5 34 56 25 3 59 49 57 5 32 98
94 8 59 76 36 6 92 83 87 36 36 2 91 60 43 71 41 25 0 90 6 86 96 77 57 60 41 100 57 43 59 3 43 50 32 35 61 75 1 35 14 61 32 87 98 27 78 67 15 96 44 84 93 13 8 51 44 90 37 42 48 72 84 95 56 78 84 69 99 3 89 69 15 92 86 14 78 15 76 37 51 95 99 24 32 76 2 100 77 57 52 20 98 68 68 4 73 94 1 82
86 16 10 71 18 37 100 9 21 77 33 28 38 50 47 3 37 25 93 0 64 1 58 58 86 19 23 20 22 77 6 90 72 22 14 61 76 43 68 43 13 66 11 26 12 86 92 83 92 55 74 26 44 38 77 29 33 19 69 12 34 70 38 68 81 4 65 62 13 22 77 33 73 27 79 50 58 54 75 13 39 66 44 33 31 97 82 20 32 43 37 67 55 67 33 26 33 58 4 56
8 3 44 22 85 43 18 26 92 15 69 10 36 82 91 69 17 34 60 85 0 4 29 33 69 62 65 92 61 22 81 8 12 83 51 32 41 89 86 63 34 72 23 99 60 24 47 74 47 19 90 56 93 71 51 59 60 90 78 31 45 30 34 21 57 18 80 62 23 34 64 24 41 50 83 9 23 50 37 23 6 16 51 99 47 79 47 92 1 71 35 22 89 9 7 91 72 23 84 38
48 51 81 11 75 37 83 63 31 43 28 36 38 16 87 35 96 75 55 79 51 0 33 80 89 13 61 26 34 65 4 41 52 63 13 41 37 85 73 91 80 22 42 60 82 33 88 16 32 27 92 45 2 52 97 42 75 11 96 50 69 99 93 13 16 92 71 80 54 79 62 28 62 79 63 73 1 65 27 8 80 1 1 19 11 40 46 95 77 16 38 98 90 63 48 7 93 5 57 67
14 56 1 24 99 20 2 39 65 66 25 46 17 53 90 12 95 12 24 32 79 71 0 21 28 87 68 63 14 1 35 43 68 72 5 49 97 36 10 68 99 21 61 3 61 40 60 24 56 46 84 72 94 85 22 91 27 25 51 17 44 78 33 50 48 58 37 90 45 69 48 76 19 83 97 8 3 29 70 74 51 92 63 89 36 83 93 71 47 35 71 27 16 80 48 77 76 66 89 9
50 45 78 90 36 69 16 16 35 16 10 64 29 97 82 71 29 84 81 66 40 87 45 0 96 38 85 11 64 46 61 57 13 7 38 18 19 87 100 43 64 69 57 40 90 18 28 64 75 95 50 90 87 58 87 16 92 94 24 56 100 24 47 92 6 27 34 58 82 3 31 100 18 69 23 70 29 50 22 54 19 5 31 95 26 49 77 81 79 24 44 91 84 36 95 67 56 40 42 62
75 83 60 31 72 43 75 41 36 85 87 91 50 75 60 84 87 29 3 96 82 76 82 33 0 92 44 15 49 56 21 26 3 43 61 13 36 14 51 93 44 44 51 99 68 9 41 61 15 51 15 77 40 20 86 30 38 13 43 17 63 93 62 65 92 37 100 60 74 95 70 9 37 63 40 6 73 66 87 9 21 77 17 89 86 74 71 96 69 77 89 50 20 88 71 97 19 57 95 35
93 59 22 75 20 47 77 55 45 52 77 65 9 69 80 89 25 51 29 7 67 35 10 66 93 0 16 72 76 41 11 76 10 66 10 48 30 2 100 20 35 53 92 59 46 61 44 53 39 10 55 73 49 7 4 26 85 9 17 37 75 60 24 2 99 93 53 5 68 99 65 27 35 52 40 97 82 29 29 10 29 16 86 68 20 10 54 61 98 89 59 55 90 20 59 1 76 57 47 27
31 34 30 16 12 91 79 3 97 10 28 93 59 44 69 92 77 4 96 71 98 41 39 60 69 68 0 29 65 95 39 84 36 52 4 99 77 29 9 50 73 65 8 26 12 63 49 59 7 28 52 23 8 86 32 48 73 43 61 89 51 70 74 17 34 51 44 84 96 21 99 27 84 81 98 50 73 76 81 72 87 1 98 33 24 24 55 71 30 70 31 71 49 26 87 25 75 63 35 42
27 19 17 9 26 88 65 72 15 73 41 52 62 11 23 76 7 52 89 86 80 20 45 23 48 18 29 0 48 22 13 60 45 85 96 38 56 77 23 100 13 78 31 27 40 71 91 83 76 5 8 7 39 89 22 51 2 68 12 41 59 58 14 80 3 22 28 62 25 59 38 68 32 97 62 91 68 38 29 73 68 3 70 72 98 7 88 35 75 66 70 87 20 49 28 27 10 86 91 50
67 14 72 40 5 10 82 76 30 34 65 98 100 47 83 37 61 97 17 54 54 56 25 22 26 42 71 76 0 1 25 1 82 26 60 87 33 16 20 10 83 52 49 95 1 32 87 95 14 54 38 63 11 100 28 85 58 62 1 49 8 61 19 41 97 11 71 93 99 98 59 4 36 17 54 62 67 69 33 62 70 32 92 64 43 80 28 54 1 78 34 16 10 80 16 32 92 88 66 23
65 90 27 86 50 38 69 36 56 57 35 36 30 44 38 81 69 42 74 76 8 17 5 18 79 97 92 98 23 0 56 81 97 32 81 57 21 65 57 27 67 67 59 100 76 9 1 68 90 75 79 81 66 98 52 90 17 50 61 59 31 65 72 64 87 11 65 47 72 10 77 46 96 5 76 39 79 16 7 58 58 25 26 96 73 13 81 46 94 36 66 25 63 54 22 51 17 51 57 58
9 5 27 59 83 85 30 62 42 46 30 32 71 88 67 65 85 85 2 15 52 52 51 67 25 83 53 58 98 75 0 6 23 2 29 33 82 71 96 44 8 66 56 99 30 31 8 26 67 22 71 35 18 49 23 32 23 22 68 42 81 63 48 14 100 93 15 82 12 62 65 95 21 22 21 69 8 99 4 12 78 80 51 99 64 23 17 6 35 58 84 91 100 28 42 24 50 60 91 22
63 6 29 30 69 85 46 25 38 83 33 4 42 18 28 38 71 39 5 12 41 77 60 67 79 33 68 24 34 48 72 0 98 97 76 95 13 60 98 23 14 72 83 94 31 35 5 31 28 77 45 100 34 79 91 51 63 63 34 10 15 75 76 62 13 24 28 84 84 30 10 35 8 47 14 96 100 65 41 79 70 68 9 57 37 83 48 6 1 78 42 34 76 96 66 30 99 6 9 52
96 15 69 91 11 81 50 83 59 37 98 81 26 78 50 37 60 59 67 57 96 33 86 1 27 55 4 60 53 49 49 30 0 44 84 63 22 20 8 77 78 72 57 52 4 91 90 46 76 55 6 1 67 60 21 18 90 4 39 19 67 94 15 66 59 5 3 47 17 26 10 8 41 12 30 14 5 82 3 87 49 86 92 78 85 98 48 74 46 88 4 75 52 74 75 97 82 29 73 83
87 49 53 39 42 30 93 98 32 49 35 90 72 30 81 58 54 13 4 10 96 34 34 36 74 5 53 66 88 82 91 33 5 0 6 51 17 90 90 80 90 24 31 13 55 70 7 5 36 70 97 28 69 66 79 81 5 86 28 53 49 72 8 55 94 63 36 66 16 36 33 61 75 9 37 17 33 75 79 28 18 59 10 39 13 60 70 97 24 95 42 63 45 67 25 63 38 80 47 77
54 1 46 2 45 9 62 75 2 22 60 78 70 67 69 43 92 60 63 66 63 98 12 51 36 49 99 42 36 96 35 80 76 88 0 57 37 27 65 2 67 84 28 33 19 33 62 22 23 75 79 62 68 39 19 29 69 24 1 10 19 30 81 97 14 10 67 43 28 19 48 77 49 60 8 34 75 87 41 75 47 50 80 84 51 32 37 77 53 66 11 40 56 30 20 52 9 71 82 59
9 51 80 4 65 98 27 40 43 8 56 66 99 92 92 20 63 25 57 72 51 37 81 95 44 53 96 21 36 29 22 1 75 64 45 0 62 40 13 49 6 77 15 14 90 11 31 26 75 17 76 70 55 64 35 76 50 75 51 15 11 55 70 47 82 54 94 48 24 44 15 17 32 70 25 83 76 31 45 28 63 55 39 65 97 2 6 47 94 5 75 1 98 3 35 56 20 74 84 21
56 2 26 47 31 79 98 21 74 55 71 18 46 23 79 81 30 98 88 44 30 58 19 11 82 2 88 62 18 27 16 51 56 51 59 60 0 58 90 22 73 70 63 97 93 96 95 24 87 79 65 67 59 2 86 9 53 60 53 73 76 85 5 36 15 12 9 14 88 49 93 29 14 72 84 94 89 95 81 9 71 99 62 19 61 66 45 10 26 55 12 93 59 43 68 97 48 78 82 7
34 49 75 50 70 51 60 60 49 73 20 4 80 74 32 6 90 27 55 54 55 19 48 2 71 27 36 87 79 32 85 10 43 17 51 87 61 0 7 17 73 58 1 83 15 54 13 69 75 61 28 32 45 55 69 7 38 51 81 34 66 55 85 85 46 35 53 11 78 32 36 97 66 39 32 80 87 87 91 48 25 30 97 29 23 99 76 59 62 43 98 48 61 85 6 100 28 33 74 34
64 83 59 26 27 93 61 78 32 32 72 24 81 27 35 60 31 82 12 82 22 69 9 99 69 1 58 93 84 5 3 4 57 5 27 6 95 23 0 96 13 66 100 53 39 79 54 25 74 14 25 42 78 49 18 30 40 27 22 1 44 34 92 44 69 4 15 52 63 64 10 53 57 40 89 24 80 82 23 24 20 56 4 25 90 97 93 86 53 36 97 56 85 14 42 45 9 23 16 74
32 44 42 33 74 80 59 36 83 4 19 70 76 9 54 49 81 4 99 44 92 39 93 5 92 79 42 67 4 68 41 30 32 36 46 75 64 76 91 0 2 68 75 33 45 56 29 35 63 61 63 19 20 4 79 39 27 25 6 57 13 98 28 9 48 1 92 91 68 95 57 25 64 71 84 66 44 3 39 28 10 25 86 43 71 4 35 86 23 96 59 54 68 67 31 65 86 90 84 84
7 63 87 56 57 77 71 58 36 93 36 41 30 81 4 63 36 42 92 75 63 29 54 10 22 92 40 77 66 63 4 10 36 65 69 4 77 16 60 20 0 40 69 84 70 23 53 71 52 95 93 2 37 74 65 59 45 17 75 89 72 31 4 95 92 43 63 41 15 53 73 31 9 16 73 19 69 50 81 57 54 77 73 89 65 44 26 29 82 69 61 80 99 62 9 58 95 93 87 77
90 68 76 47 20 37 12 45 85 34 21 19 52 84 22 13 71 94 53 42 54 40 55 18 97 57 62 9 23 65 27 54 88 7 42 97 90 53 90 33 52 0 28 77 37 39 35 20 33 58 67 99 24 100 36 95 47 67 86 56 52 55 11 45 88 91 44 29 85 27 95 79 33 31 10 38 7 14 55 75 19 23 71 66 92 32 77 55 79 60 9 69 47 75 100 63 27 39 17 51
67 14 68 51 87 37 54 38 12 50 18 59 37 49 43 76 45 8 89 34 61 25 45 94 1 80 43 43 26 97 61 35 91 43 58 75 80 46 96 94 58 27 0 7 80 92 81 10 96 73 86 82 3 15 30 10 44 79 70 96 36 74 21 69 88 52 47 28 17 99 56 99 11 35 32 18 78 59 50 32 41 82 2 76 96 59 2 84 73 65 85 27 33 67 54 96 36 4 30 86
46 2 89 23 99 84 61 92 90 52 49 62 45 1 33 65 80 86 25 40 59 63 39 49 20 65 33 26 86 13 39 53 62 79 57 20 96 37 16 12 86 17 58 0 15 91 78 27 27 55 24 40 9 20 61 23 54 52 36 49 72 94 8 27 60 30 96 97 38 45 77 6 43 36 71 16 99 39 77 43 81 17 36 47 55 66 70 35 40 13 16 23 73 64 28 90 47 12 83 36
54 77 6 50 91 6 70 52 18 5 54 77 60 98 92 69 2 48 52 75 57 87 8 95 65 84 39 59 3 42 8 27 40 70 46 1 10 98 70 85 73 49 48 71 0 38 26 26 51 35 69 21 25 96 90 57 96 8 90 91 46 95 79 81 78 58 87 6 62 31 10 30 60 23 15 52 66 38 29 15 97 33 51 82 66 61 7 7 14 63 34 53 100 63 50 72 88 74 68 50
3 95 76 84 44 57 63 46 85 25 35 99 70 73 25 55 60 65 48 74 30 81 16 81 9 32 17 31 46 39 41 57 68 57 91 30 62 89 69 62 54 77 5 61 86 0 54 75 83 39 3 62 9 48 43 52 51 72 33 39 36 99 38 46 65 14 81 19 37 97 34 90 20 73 81 29 83 22 76 1 28 43 44 29 34 63 23 10 59 94 10 72 40 88 50 7 92 65 12 88
45 22 97 64 59 19 73 96 51 46 31 83 36 87 70 58 39 24 27 35 20 86 55 8 62 5 15 28 83 24 69 57 98 33 44 16 37 72 98 99 86 45 40 54 76 91 0 43 95 85 42 87 25 3 1 1 35 96 69 65 33 30 100 20 56 7 85 6 15 100 23 79 92 84 4 18 88 36 52 35 14 4 50 93 58 96 30 59 9 100 24 65 90 49 40 41 9 21 23 7
15 45 1 48 29 5 59 74 50 23 38 28 58 96 4 35 28 7 10 22 82 39 4 6 88 71 69 57 6 92 14 64 86 24 45 22 97 48 4 14 16 31 60 52 66 64 51 0 97 13 100 81 57 42 13 98 72 57 54 83 67 36 44 87 92 11 8 64 56 79 15 62 4 47 74 3 10 44 81 96 53 72 18 22 76 5 26 57 12 19 68 53 15 91 33 89 31 57 22 45
54 97 44 75 72 81 17 22 91 99 60 34 45 12 98 26 39 92 17 18 65 36 74 91 94 24 54 29 85 42 11 81 60 98 76 44 40 80 16 86 54 67 42 86 72 91 28 20 0 83 81 96 44 71 26 52 83 71 21 73 71 19 61 37 4 3 66 90 92 26 46 42 30 75 84 14 27 63 48 48 9 87 57 9 89 59 51 1 54 59 35 56 38 92 30 16 21 18 49 100
4 42 37 89 71 39 17 95 58 9 71 18 36 43 1 5 61 24 93 43 39 48 51 8 75 25 77 22 81 22 59 88 51 94 88 35 61 40 5 72 2 26 64 18 86 92 60 36 33 0 18 79 80 43 76 19 69 85 33 14 9 71 38 44 12 62 20 55 81 95 25 45 6 44 62 47 47 19 13 9 25 93 58 53 73 17 91 89 50 61 60 69 55 56 38 80 26 60 79 38
11 74 43 34 57 88 58 20 26 66 66 62 98 24 55 42 2 15 15 8 32 22 10 18 54 35 6 79 91 54 100 20 97 41 28 72 25 29 49 3 27 68 92 62 81 35 13 88 62 65 0 22 92 64 77 52 53 91 89 3 18 2 48 66 71 99 13 55 55 78 24 100 61 10 4 38 84 7 53 100 50 75 72 59 84 32 57 45 14 33 33 100 3 29 33 25 38 92 77 44
80 87 80 2 76 86 31 100 70 44 3 45 32 11 80 87 66 60 52 46 26 38 60 13 43 38 25 53 54 77 34 28 73 25 2 43 77 89 76 82 59 96 93 35 27 27 40 41 13 6 75 0 73 91 12 2 39 11 70 34 55 29 38 56 18 28 72 13 3 49 37 76 5 59 38 94 59 69 35 77 41 69 69 64 72 67 52 30 85 45 1 54 62 28 47 18 70 39 8 98
27 82 67 6 96 38 79 66 91 47 67 22 79 42 76 15 83 56 6 93 67 83 43 41 35 95 92 8 49 96 17 28 86 58 39 83 96 4 68 58 77 29 38 84 28 41 100 11 40 44 42 78 0 82 28 43 76 60 59 84 87 66 89 18 37 12 67 96 67 55 90 54 78 49 68 54 75 39 4 45 97 77 97 47 78 5 15 54 58 55 26 88 23 13 76 69 10 65 55 4
21 40 98 24 25 5 30 37 50 41 72 86 5 82 1 31 64 20 46 33 84 32 89 88 88 23 44 96 61 2 77 13 18 56 29 69 20 71 33 64 69 72 81 1 94 9 87 52 77 60 88 70 38 0 61 57 52 32 74 81 96 58 75 9 60 37 57 84 80 11 67 39 99 70 86 36 4 8 72 71 59 1 32 73 57 59 44 85 4 78 61 39 68 28 26 70 37 99 6 25
54 33 39 98 89 94 79 71 80 56 82 49 52 27 56 65 28 48 45 76 87 88 81 38 14 56 65 2 20 31 15 86 91 46 33 73 8 60 25 56 17 34 76 1 18 84 64 28 49 60 18 20 31 66 0 84 94 8 82 23 24 72 34 69 61 59 3 85 39 74 89 10 89 71 93 85 55 63 79 33 58 26 8 49 20 50 57 61 91 23 5 33 40 11 52 67 80 30 12 93
62 64 16 98 72 38 78 37 55 81 25 82 51 29 63 85 60 13 13 49 45 7 45 17 67 39 32 21 37 79 72 19 81 42 11 99 36 45 56 52 93 17 5 80 99 38 86 35 76 44 93 94 36 8 19 0 30 7 77 30 83 94 19 8 18 24 87 18 31 76 61 52 83 13 71 84 69 63 31 97 66 84 82 62 90 45 10 95 17 41 4 47 22 6 98 31 75 31 37 94
29 58 22 50 73 39 63 26 71 33 27 3 78 48 25 96 77 82 100 100 88 1 14 19 50 1 100 14 100 26 78 31 34 41 100 21 94 76 64 74 22 34 9 73 27 52 51 6 33 28 3 55 46 72 89 58 0 53 67 13 84 100 81 51 64 69 21 39 29 15 46 99 8 64 23 2 94 38 56 65 48 88 60 15 100 23 12 99 14 33 28 60 63 76 16 52 2 98 90 18
95 99 55 48 21 55 54 30 15 22 76 51 19 14 84 100 34 12 71 98 18 5 4 71 56 90 72 61 92 33 8 50 31 34 21 43 9 31 17 56 75 92 72 84 55 25 10 90 49 68 7 26 100 90 51 40 33 0 1 63 45 59 31 31 92 72 41 82 100 7 2 63 46 3 50 21 94 31 19 13 88 58 7 98 49 36 22 85 36 86 93 94 26 67 91 83 61 11 67 20
59 96 94 43 34 19 98 49 91 64 68 64 4 33 6 2 10 76 51 94 63 94 15 14 10 19 26 53 52 32 84 37 75 60 11 11 93 66 64 98 44 81 22 1 80 69 4 97 12 5 1 95 24 30 74 57 22 27 0 58 95 92 74 65 16 61 90 63 82 63 76 2 90 5 79 11 31 93 19 69 70 8 22 74 2 32 57 6 37 78 45 25 30 12 1 41 53 81 54 12
40 24 42 98 67 81 97 10 54 62 58 61 61 74 96 84 65 100 28 12 53 41 62 71 43 45 38 68 64 51 93 93 65 88 48 64 83 98 16 36 38 73 55 73 58 2 6 59 98 42 55 83 48 1 81 54 52 31 29 0 70 77 75 55 55 37 38 66 38 76 2 24 88 87 80 33 88 33 71 2 33 15 10 5 39 20 60 75 76 43 10 9 28 36 8 27 56 36 31 22
90 65 26 12 38 65 76 9 19 70 82 44 24 26 94 3 97 12 79 27 21 95 25 75 85 5 63 74 71 74 91 75 51 54 54 85 42 72 57 55 41 73 55 29 92 45 53 32 67 52 38 91 11 91 90 10 82 56 100 95 0 45 27 42 67 78 91 94 82 97 73 87 66 22 58 30 1 7 79 14 65 24 48 32 63 52 13 55 55 50 85 71 3 8 72 48 34 22 44 2
24 78 62 2 63 26 25 99 3 87 71 10 65 97 24 83 80 91 72 73 10 17 96 76 50 31 51 76 33 67 29 89 30 41 4 73 57 14 23 74 92 27 31 41 21 16 20 93 86 89 48 100 30 7 82 38 91 98 69 64 84 0 53 78 56 33 19 60 73 17 37 50 86 63 32 30 78 44 72 92 55 32 49 17 95 95 37 13 67 94 38 3 14 26 85 35 51 5 87 88
15 34 79 84 56 85 53 76 63 71 49 44 13 43 23 55 56 78 86 11 57 65 58 87 39 56 62 32 82 57 33 50 44 25 81 23 88 34 18 5 6 62 92 64 99 18 71 6 45 7 94 78 89 81 74 63 14 62 77 46 37 9 0 94 36 47 98 82 9 6 61 35 22 88 64 44 89 60 98 98 10 67 66 98 68 98 1 83 66 25 91 16 3 59 54 45 36 43 80 82
4 90 90 57 29 25 54 38 1 70 95 55 7 94 97 61 47 74 82 60 63 54 43 33 80 13 60 10 9 87 63 74 50 3 18 79 27 5 63 72 70 19 64 39 70 66 35 7 1 55 63 57 24 58 15 36 70 51 34 90 39 8 57 0 81 38 63 21 78 52 83 80 72 42 48 33 20 1 94 70 88 61 70 18 70 48 61 91 31 11 73 93 64 49 34 31 19 75 40 42
36 37 53 84 58 19 89 71 20 5 28 50 89 75 67 95 44 35 91 10 20 61 39 25 56 93 65 80 69 51 91 2 55 44 77 44 76 79 89 22 67 19 18 48 50 75 78 56 62 49 12 5 99 59 20 25 2 54 4 86 1 37 27 97 0 11 7 88 24 72 20 22 1 35 9 85 92 41 36 59 94 93 86 91 99 22 56 18 33 83 84 56 57 54 53 46 57 86 20 22
39 81 53 6 33 10 45 52 1 96 93 13 83 44 78 33 5 11 58 11 58 22 68 98 26 21 3 62 97 18 81 50 98 4 6 18 50 92 89 81 88 74 19 69 35 35 17 78 94 77 16 36 20 24 84 40 49 60 71 80 95 15 48 50 68 0 100 54 22 23 19 75 34 84 31 7 40 38 34 31 2 27 61 66 81 10 35 49 98 37 58 26 88 76 31 51 64 38 93 59
97 32 49 34 13 50 84 33 23 83 86 81 53 24 2 88 89 61 18 43 58 94 95 82 30 71 100 81 41 55 32 92 13 30 77 94 52 2 44 21 73 6 78 89 46 24 60 50 22 81 6 79 6 18 48 72 34 85 33 62 65 92 27 13 24 45 0 16 51 91 11 84 12 29 48 10 16 35 64 63 32 58 17 85 99 68 22 84 45 15 61 87 50 60 8 20 59 39 76 85
65 8 41 70 92 14 57 63 83 42 31 100 98 2 57 14 49 70 85 71 63 42 20 29 69 13 24 47 52 86 100 52 96 81 14 32 34 9 24 24 45 60 42 50 28 74 30 97 71 45 73 2 71 39 53 3 7 54 48 67 61 45 100 25 4 92 7 0 62 59 10 78 61 57 16 100 58 83 45 72 87 39 24 74 96 98 78 97 1 84 13 83 40 6 15 97 97 45 27 23
10 2 37 58 23 73 12 34 26 73 81 26 43 27 13 37 37 87 55 92 92 52 23 50 50 24 86 23 99 43 7 19 58 46 93 73 33 75 14 99 92 23 24 77 5 9 18 66 70 29 49 85 23 31 19 100 46 29 64 49 12 86 91 82 14 25 71 10 0 59 53 27 36 80 10 11 16 25 56 48 24 34 2 97 33 50 70 79 70 35 55 74 51 58 31 41 50 12 90 48
94 82 86 27 81 80 89 26 40 32 4 51 96 61 93 19 31 78 87 41 23 53 16 32 18 72 28 87 23 86 37 86 93 61 58 58 25 78 35 44 24 33 25 43 93 48 10 55 16 86 96 54 80 1 46 1 74 67 99 30 54 27 13 69 78 100 17 68 17 0 50 2 23 13 81 19 7 48 18 73 65 67 2 43 66 85 2 88 71 86 69 26 42 23 56 16 3 33 79 43
40 28 38 61 77 95 39 54 37 53 87 22 97 1 95 78 97 37 12 37 44 63 44 63 63 1 56 57 42 80 59 48 95 23 76 31 3 97 15 30 55 87 71 73 82 10 48 43 35 64 47 7 81 85 11 88 37 81 3 97 32 44 43 12 57 22 95 50 89 20 0 61 79 90 26 43 62 9 93 21 84 71 48 16 89 94 7 91 87 43 47 69 78 99 100 16 44 86 36 20
33 39 75 46 65 74 31 6 41 82 58 19 12 3 62 94 91 14 25 90 39 66 73 55 25 28 22 4 54 78 1 2 48 13 11 41 21 42 90 25 10 61 51 25 67 25 69 78 73 95 44 24 56 58 62 88 78 54 94 45 83 68 74 57 75 86 83 70 5 100 14 0 22 50 25 61 67 24 41 59 99 7 71 72 83 17 75 32 92 29 67 9 91 40 89 75 25 82 91 24
98 14 86 4 87 91 40 83 18 25 57 40 45 17 71 96 9 32 45 100 16 51 41 31 36 63 18 75 47 13 48 5 68 41 81 51 68 14 24 19 60 41 44 17 100 71 3 73 49 12 95 1 7 94 37 35 54 26 60 39 18 33 25 72 37 12 97 8 39 16 82 77 0 60 44 13 18 13 94 67 70 32 34 58 31 5 100 7 98 29 63 62 22 66 84 14 10 3 85 85
79 42 39 6 78 87 71 13 22 55 84 10 92 28 68 70 44 47 83 15 11 91 48 75 69 80 95 58 13 12 51 99 95 41 45 7 78 95 24 60 74 63 94 74 87 23 23 3 14 28 81 84 99 14 48 46 52 75 75 22 49 87 65 29 45 62 41 83 8 15 72 74 37 0 67 93 45 42 13 71 97 73 40 9 24 65 49 30 68 62 64 14 22 57 29 17 68 72 63 86
84 73 19 15 10 100 93 27 36 85 37 16 32 14 36 35 57 18 97 28 29 15 17 22 62 54 17 94 12 49 59 22 15 88 96 54 98 42 93 66 7 85 47 31 55 84 31 70 68 10 97 9 93 25 36 53 30 64 75 80 61 67 99 36 100 38 9 19 96 68 49 53 77 54 0 39 14 83 57 33 48 57 96 69 69 55 17 84 13 37 14 71 63 50 43 86 100 15 86 34
76 41 37 39 51 48 39 22 3 4 58 14 48 75 73 46 72 17 86 18 57 13 8 54 59 21 52 88 2 91 97 92 19 33 35 30 42 42 65 47 96 10 9 7 30 32 48 2 82 17 41 21 52 72 59 47 52 12 27 37 78 78 82 14 46 43 35 59 17 68 64 78 27 92 22 0 71 6 18 34 95 27 60 57 41 20 83 19 55 90 4 88 90 12 10 91 12 84 17 39
17 88 22 75 59 95 84 97 95 69 14 82 89 100 26 92 87 60 2 11 25 22 13 50 66 40 80 45 39 24 29 3 60 79 51 42 43 96 16 25 62 93 52 53 27 59 59 30 26 56 4 36 17 26 54 50 46 11 27 10 30 96 96 7 72 98 93 54 62 25 25 54 16 3 20 14 0 33 65 42 85 58 40 51 2 67 83 53 47 4 55 17 90 29 87 70 21 98 69 34
71 58 80 19 93 65 71 53 74 7 43 28 86 39 60 57 87 92 70 96 94 79 21 96 96 24 89 3 8 77 64 15 92 53 20 5 70 42 22 80 17 94 11 41 91 26 81 23 50 19 97 48 34 100 42 34 81 84 26 54 54 78 71 32 62 82 73 65 40 42 90 77 62 49 63 73 48 0 34 45 37 17 20 42 37 32 29 24 53 5 88 50 84 68 96 94 65 28 54 95
45 16 57 97 12 42 76 17 20 29 3 49 6 57 44 75 98 11 21 1 26 3 25 49 89 17 23 86 13 15 23 46 98 97 40 45 1 60 52 27 46 97 42 5 60 49 54 42 69 53 24 11 48 79 66 43 37 25 43 13 34 51 59 15 48 44 34 20 48 61 4 12 86 68 50 70 41 42 0 22 46 88 95 14 84 37 19 55 17 32 74 37 29 30 75 42 24 83 8 51
21 44 97 64 55 45 23 20 86 86 59 100 26 32 67 68 27 55 76 52 53 46 69 48 96 30 31 59 94 34 94 60 96 2 59 16 42 67 94 6 11 15 69 17 52 49 21 50 96 27 81 26 4 54 41 44 32 82 40 46 14 98 70 23 44 50 83 17 20 60 72 30 83 32 43 13 95 87 32 0 54 63 25 35 24 83 5 8 58 99 49 26 15 66 76 87 3 79 40 74
38 5 7 74 35 60 32 94 6 23 33 37 74 83 77 85 6 36 79 82 49 79 53 56 27 72 38 61 17 32 76 48 60 9 58 39 94 77 92 42 62 36 41 92 57 62 62 81 77 13 64 96 5 99 32 39 81 78 92 94 51 11 45 92 10 80 99 96 78 54 48 82 88 2 5 44 20 20 13 83 0 84 24 80 78 74 3 79 23 93 38 84 11 12 80 60 3 24 94 23
32 47 94 16 15 4 86 86 1 1 55 51 88 87 47 86 75 1 18 38 95 56 63 56 67 9 47 49 16 86 64 22 60 94 47 68 52 75 18 16 92 71 20 81 40 59 25 11 28 25 86 8 51 72 36 29 68 36 5 28 76 57 64 59 48 5 48 32 74 76 95 30 5 59 15 62 82 14 2 87 100 0 79 66 43 28 24 3 87 14 27 60 1 67 8 35 68 55 95 77
15 4 96 13 66 83 27 88 41 71 51 50 14 80 26 30 45 6 5 75 54 26 2 69 55 80 91 22 83 30 5 35 86 75 65 69 98 27 58 4 49 34 39 76 32 80 86 35 7 32 53 96 90 20 79 5 100 79 67 27 13 80 73 32 93 90 97 85 3 65 36 41 39 8 64 54 12 99 79 51 5 67 0 83 42 54 99 5 54 30 41 75 24 66 70 30 65 76 30 12
91 97 44 70 97 15 37 21 24 100 33 18 31 39 10 92 57 84 24 17 54 94 10 67 83 54 55 4 78 91 79 76 10 96 72 31 14 69 4 51 52 10 100 10 79 24 66 50 13 10 14 20 23 59 74 40 42 24 80 16 68 49 64 35 33 87 46 87 22 13 65 36 43 91 37 23 48 98 51 76 18 41 46 0 11 31 15 59 1 68 98 48 49 41 47 54 44 82 27 54
63 60 10 53 78 65 62 78 22 68 51 16 31 45 48 19 82 25 68 4 34 96 94 20 47 22 1 56 40 80 76 75 50 55 78 8 81 18 17 79 98 57 60 25 89 96 81 58 83 40 79 15 40 60 73 48 83 88 83 51 66 47 30 46 96 13 55 41 68 3 46 20 39 13 89 47 33 76 50 43 64 90 96 76 0 58 59 95 3 92 26 81 63 14 35 89 58 49 57 98
73 99 18 79 68 58 86 85 58 63 22 8 81 100 6 87 80 8 57 23 86 34 7 71 87 21 64 21 96 14 59 50 31 86 93 82 19 66 35 86 73 84 32 43 32 64 100 36 55 22 86 95 20 2 21 16 27 97 18 33 35 94 71 9 52 50 58 55 90 99 7 82 85 83 76 79 18 19 68 18 8 45 6 77 18 0 79 3 33 28 37 13 66 40 18 65 57 76 22 43
8 25 58 96 46 26 24 53 8 48 61 86 26 84 96 81 78 84 45 5 22 10 42 97 68 99 9 57 63 86 46 75 79 55 70 13 42 99 16 26 61 25 42 14 73 2 76 4 42 45 77 95 39 96 62 86 51 59 87 83 19 39 42 13 50 37 23 50 85 16 46 61 39 39 47 61 24 91 59 33 80 53 73 57 27 87 0 88 60 67 25 100 91 65 66 47 83 99 18 33
79 77 34 46 21 10 6 55 17 66 51 71 61 46 17 36 87 80 22 24 64 39 88 89 50 65 36 68 44 79 3 13 60 72 77 92 66 82 99 38 55 38 89 44 13 22 73 55 37 80 18 87 8 56 37 93 2 34 64 98 52 9 20 70 29 11 48 73 24 31 82 29 100 31 22 56 43 33 40 52 67 60 27 4 38 82 11 0 40 49 73 67 68 63 83 20 37 42 90 88
88 55 100 42 27 86 58 37 65 9 71 3 74 25 76 12 47 28 45 11 95 65 38 72 26 65 27 47 44 4 89 12 82 51 74 24 53 35 83 34 39 29 32 65 65 71 67 10 33 88 13 61 41 48 5 80 60 46 38 2 50 33 7 45 10 36 5 63 93 81 58 83 88 25 79 55 98 18 63 96 21 24 89 40 30 40 66 99 0 75 90 84 77 4 62 34 51 72 34 81
52 93 78 86 94 6 16 50 61 72 88 74 23 87 42 14 20 39 35 4 76 82 50 33 83 56 12 8 65 80 34 94 74 64 57 61 19 60 85 15 90 47 27 69 46 48 13 33 31 7 72 52 68 74 76 92 29 13 13 90 99 27 22 71 38 7 1 25 19 67 50 15 78 80 21 36 66 98 77 87 90 34 43 66 70 85 85 39 11 0 11 47 60 74 12 87 46 40 53 76
75 94 82 26 30 51 22 80 11 54 48 34 31 76 17 19 18 19 65 26 52 80 50 13 17 82 47 14 49 3 62 29 62 15 77 61 39 54 17 90 89 59 79 20 48 55 42 90 36 26 6 45 80 48 23 54 15 22 93 53 21 40 55 88 24 98 33 3 60 98 74 89 83 65 25 3 61 51 32 59 100 44 78 56 43 16 50 36 24 71 0 85 58 34 18 46 65 84 33 76
96 47 9 60 32 25 35 25 83 63 13 64 78 41 97 63 37 96 44 45 34 5 41 3 7 99 34 14 56 49 13 44 20 57 75 71 19 67 70 36 92 82 81 80 51 16 84 89 66 65 47 22 8 2 87 72 18 98 71 96 1 84 77 89 52 18 9 100 2 81 13 84 94 82 50 15 95 61 77 26 54 76 30 84 34 82 73 31 38 45 38 0 94 61 73 67 2 34 57 10
97 13 59 13 83 54 67 40 65 40 36 62 92 9 62 60 100 36 63 36 60 79 61 66 67 74 15 67 55 7 44 8 81 36 44 93 85 98 72 65 59 71 88 20 14 39 59 22 29 22 15 52 19 53 70 12 71 65 36 2 32 48 45 48 57 67 37 18 56 23 74 22 16 53 15 18 65 52 3 95 63 80 63 40 81 72 95 24 59 75 10 40 0 30 59 1 41 63 54 22
59 6 22 49 74 16 96 35 90 96 84 69 16 18 14 87 25 61 76 34 37 10 86 30 84 20 50 56 48 98 93 35 97 59 53 13 67 4 98 21 12 3 43 66 77 43 12 15 38 88 77 53 48 96 8 48 83 54 55 86 28 22 29 68 16 45 10 14 77 83 69 97 69 58 65 11 61 9 11 98 20 33 47 85 76 54 87 96 88 97 12 42 55 0 92 88 64 75 46 48
7 1 53 3 74 17 82 18 17 77 52 93 42 19 80 94 6 62 47 29 29 64 20 24 42 69 87 79 88 11 50 91 50 27 43 74 18 23 70 6 75 56 37 28 69 54 25 22 20 73 99 48 89 78 43 90 72 95 87 95 56 63 23 26 33 66 40 44 79 23 30 61 4 87 23 62 56 21 41 72 74 34 31 46 70 39 30 44 93 85 65 42 4 48 0 79 75 89 55 96
16 26 67 83 84 67 81 62 97 31 21 79 10 49 61 90 2 85 31 58 21 64 14 20 78 56 54 77 57 81 53 88 82 19 41 92 73 57 11 35 11 13 66 71 41 30 89 52 80 2 77 78 49 51 79 16 74 88 44 50 24 15 45 91 46 34 69 34 26 10 69 53 70 4 71 22 34 2 15 21 28 40 42 91 60 88 3 10 49 27 22 13 60 61 39 0 5 60 66 56
95 37 26 74 20 49 58 61 87 88 92 94 98 38 73 97 36 50 45 67 85 41 26 65 90 81 28 66 26 96 1 9 41 72 77 35 1 12 20 100 62 66 59 67 74 90 95 55 5 79 96 74 89 37 85 61 17 71 96 14 47 6 73 13 83 90 6 15 91 66 50 27 24 38 66 37 6 8 51 3 94 76 49 53 30 1 60 33 11 43 45 64 87 54 39 56 0 42 82 58
7 78 5 31 54 92 99 14 29 8 36 73 34 16 67 54 56 77 53 58 14 63 43 95 20 59 60 43 69 17 78 13 90 46 4 65 34 98 45 39 58 94 31 49 15 58 9 26 90 29 89 9 11 45 52 33 9 37 89 44 57 88 33 91 37 72 51 6 31 86 71 81 97 36 31 50 55 88 27 84 24 43 93 27 41 38 47 16 84 27 87 27 63 76 39 12 7 0 31 87
95 8 77 39 16 10 69 93 1 70 19 43 85 13 74 93 13 56 37 70 40 84 61 83 93 76 47 16 68 21 24 66 60 10 70 40 55 84 53 90 14 15 6 15 53 6 38 69 23 51 46 67 1 78 97 26 64 56 84 88 18 55 45 57 17 52 78 34 16 32 48 4 21 87 17 93 52 74 75 50 60 31 18 76 35 90 57 74 81 34 8 7 59 8 20 48 97 23 0 88
14 17 53 71 41 74 25 65 35 13 46 94 78 90 71 44 39 9 31 25 73 39 18 89 93 59 73 1 72 22 55 68 66 10 76 36 52 77 38 41 24 5 41 26 46 23 55 32 63 65 42 75 14 20 57 38 99 22 29 34 47 66 51 62 47 25 16 86 68 21 45 81 43 1 5 99 31 28 9 67 52 81 82 49 5 22 75 83 39 19 17 29 7 54 23 63 45 21 14 0
